"V1" "V2" "V3" "V4" "V5" "V6" "V7" "V8" "V9" "V10" "V11" "V12" "V13" "V14" "V15" "V16" "V17" "V18" "V19" "V20" "V21"
"KEGG_N_GLYCAN_BIOSYNTHESIS" 0.0921900161030596 0.081799591002045 0.0676 0.0657314629258517 0.0649095200629426 0.0513338722716249 0.049536850583971 0.0468557336621455 0.0346634421604192 0.0354864433811802 0.0265832681782643 0.0262096774193548 0.0239837398373984 0.0147420147420147 0.0205128205128205 0.0238963142972864 0.0224763406940063 0.0195843325339728 0.018989898989899 0.0209817893903405 0.0199123855037834
"KEGG_OTHER_GLYCAN_DEGRADATION" 0.572463768115942 0.531975560081466 0.499799599198397 0.465845909451946 0.433962264150943 0.40149136577708 0.374898456539399 0.356713426853707 0.351512738853503 0.345614737685222 0.312965139052096 0.289914250714577 0.305768455022186 0.276734693877551 0.287221570926143 0.254683140693503 0.256633663366337 0.247699079631853 0.252332657200811 0.259603720177922 0.23449920508744
"KEGG_O_GLYCAN_BIOSYNTHESIS" 0.548156956004756 0.501026694045175 0.479856402074192 0.453274760383387 0.449979415397283 0.393591772151899 0.364254298280688 0.352295814709468 0.330708661417323 0.307533112582781 0.308243727598566 0.283192940232651 0.291666666666667 0.282527881040892 0.279446640316206 0.276621787025704 0.265281662005593 0.285366842318606 0.256234915526951 0.263679619349722 0.259318001586043
"KEGG_GLYCOSAMINOGLYCAN_DEGRADATION" 0.529388403494837 0.552663195835002 0.562905844155844 0.586757080175509 0.59913623871221 0.613664091093941 0.626009693053312 0.648245260185559 0.649562450278441 0.681388012618297 0.681048387096774 0.722702278083268 0.743661971830986 0.762484774665043 0.776058631921824 0.784104389086596 0.815026541445488 0.828832406671962 0.84596676124848 0.854858056777289 0.840485829959514
"KEGG_GLYCEROLIPID_METABOLISM" 0.117483074472322 0.14018691588785 0.140079365079365 0.12711182622687 0.141269841269841 0.152903990517582 0.154776299879081 0.161383285302594 0.174609531437725 0.180914512922465 0.205015923566879 0.21566265060241 0.237848605577689 0.27024827024827 0.284172661870504 0.300687980574666 0.313569438917628 0.359873866771778 0.380545380545381 0.40078431372549 0.440548166062072
"KEGG_GLYCOSYLPHOSPHATIDYLINOSITOL_GPI_ANCHOR_BIOSYNTHESIS" 0.20249096022499 0.180089032780251 0.168053904082442 0.148148148148148 0.120515920999597 0.118373854125149 0.0905086103323989 0.0870980870980871 0.0771691323470612 0.0732600732600733 0.0706991358994501 0.058397100281917 0.0638297872340425 0.0496945010183299 0.0623781676413255 0.0541195476575121 0.0556222488995598 0.0559837728194726 0.0453257790368272 0.0439082278481013 0.0485359005214601
"KEGG_GLYCEROPHOSPHOLIPID_METABOLISM" 0.210526315789474 0.234381217668126 0.236894757903161 0.26510333863275 0.272443403590945 0.303508080409933 0.309429477020602 0.347013409183259 0.39911575562701 0.440443213296399 0.46787544343713 0.518977227327207 0.539568345323741 0.631323350870093 0.678318931657502 0.759917355371901 0.817710410849621 0.791987049777418 0.749495764421138 0.695528455284553 0.644268774703557
"KEGG_ETHER_LIPID_METABOLISM" 0.377616747181965 0.411811652035116 0.448639870077142 0.464314036478985 0.494526974198593 0.523412698412698 0.542168674698795 0.57 0.603849238171612 0.649439102564103 0.671016211941479 0.684040404040404 0.73406862745098 0.748502994011976 0.788958496476116 0.819032126880846 0.850667745851882 0.868189102564103 0.899326198969481 0.925639983746445 0.924692826000793
"KEGG_ARACHIDONIC_ACID_METABOLISM" 0.0911680911680912 0.0938251804330393 0.108555286521388 0.124154397134899 0.138846153846154 0.146014206787687 0.143255073617191 0.167469879518072 0.188701923076923 0.199367088607595 0.224750499001996 0.215241183623835 0.251692552767822 0.273577235772358 0.305798252581414 0.345779220779221 0.361719060883406 0.418945699564011 0.448494453248811 0.482717520858164 0.534027221777422
"KEGG_LINOLEIC_ACID_METABOLISM" 0.0845632229756681 0.088871096877502 0.105949470252649 0.118677817602549 0.125240107568191 0.132405566600398 0.140194489465154 0.145096463022508 0.166463662200568 0.17740023706045 0.18667730355006 0.181818181818182 0.195190380761523 0.203899268887084 0.228020875150542 0.235342353423534 0.263955342902711 0.255419787150177 0.292162494870743 0.306072874493927 0.319377990430622
"KEGG_ALPHA_LINOLENIC_ACID_METABOLISM" 0.313883299798793 0.345891783567134 0.371474617244158 0.393854748603352 0.439581719597211 0.450536352800953 0.458785685564938 0.483719105531581 0.526720647773279 0.559281437125749 0.596837944664032 0.600811359026369 0.642596348884381 0.667324388318863 0.712279293739968 0.739006514657981 0.780614280015955 0.832116788321168 0.84046381447421 0.875915378356387 0.892295280354982
"KEGG_SPHINGOLIPID_METABOLISM" 0.444533120510774 0.402714932126697 0.34609375 0.302770191182208 0.275807094459944 0.261697065820777 0.244256348246675 0.21272365805169 0.200726978998384 0.188393951777687 0.184085510688836 0.160548608309802 0.166396761133603 0.141166870665035 0.148118811881188 0.138083735909823 0.136199276817999 0.132501006846557 0.120288692862871 0.130521289295663 0.117216117216117
"KEGG_GLYCOSPHINGOLIPID_BIOSYNTHESIS_LACTO_AND_NEOLACTO_SERIES" 0.891956782713085 0.892568659127625 0.90985241324292 0.93130399012752 0.921352732992529 0.934102141680395 0.938915857605178 0.953666398066076 0.954828660436137 0.968403775133361 0.946399345335516 0.93784639746635 0.910369774919614 0.8872 0.8504 0.832122679580307 0.81143310837634 0.78727634194831 0.743859649122807 0.740892345476873 0.71589991928975
"KEGG_GLYCOSPHINGOLIPID_BIOSYNTHESIS_GANGLIO_SERIES" 0.937648927720413 0.945161290322581 0.946370967741936 0.955133387227162 0.963369963369963 0.978646253021757 0.982378854625551 0.986539984164687 0.961023142509135 0.935029354207436 0.89592402057776 0.843851132686084 0.821873743466023 0.780631578947368 0.756875249103228 0.744372990353698 0.7336804164998 0.695063694267516 0.681763040841084 0.654242664551943 0.643981117230527
"KEGG_NICOTINATE_AND_NICOTINAMIDE_METABOLISM" 0.682847896440129 0.733122779313067 0.80064308681672 0.846216106839336 0.883766745468873 0.896482813749001 0.890575079872205 0.891629599676506 0.888565488565489 0.871209137455691 0.871400394477318 0.888800318852132 0.868162140889414 0.881484437350359 0.885471469040874 0.879705083430345 0.836750483558994 0.80244399185336 0.772082018927445 0.742722265932337 0.70324881141046
"KEGG_PANTOTHENATE_AND_COA_BIOSYNTHESIS" 0.72548231511254 0.738717339667458 0.738133547868061 0.7616 0.768866060845516 0.787375415282392 0.811955661124307 0.814814814814815 0.830360681728102 0.835832995541143 0.84821077467558 0.800727566693614 0.76641464385197 0.720081135902637 0.698933227973133 0.639749117992944 0.587756683456025 0.568527918781726 0.529459901800327 0.516952532907858 0.489019607843137
"KEGG_AMINOACYL_TRNA_BIOSYNTHESIS" 0.00678642714570858 0.00600480384307446 0.00196772924045651 0.000796812749003984 0.000790513833992095 0.0039984006397441 0.00529100529100529 0.00772671817812119 0.0164658634538153 0.0188 0.0206677265500795 0.0403551251008878 0.0533707865168539 0.0684875662454138 0.0745341614906832 0.0937880633373934 0.121476776498611 0.147330389401847 0.159489633173844 0.190132370637786 0.18974358974359
"KEGG_BASAL_TRANSCRIPTION_FACTORS" 0.475975359342916 0.405837664934026 0.359936783879889 0.326720647773279 0.291483406637345 0.273928714457349 0.240930599369085 0.229054890631449 0.198227236099919 0.172538030424339 0.154523618895116 0.143666531768515 0.123987034035656 0.11455360782715 0.125539427226363 0.102709260008087 0.104041616646659 0.103088648215002 0.0971836572788576 0.0942201108471892 0.0917065390749601
"KEGG_SNARE_INTERACTIONS_IN_VESICULAR_TRANSPORT" 0.731144978507229 0.80996015936255 0.895645028759244 0.947092084006462 0.928600080224629 0.892843175596402 0.781810929397686 0.695284159613059 0.592934564431955 0.545673076923077 0.480482897384306 0.430471584038694 0.413612565445026 0.365315134484143 0.342936069455406 0.322920892494929 0.31803671189146 0.282122905027933 0.271911944557684 0.253244199764058 0.235294117647059
"KEGG_LYSOSOME" 0.153723616089207 0.160498960498961 0.142455858747994 0.136900078678206 0.144921718185468 0.13895486935867 0.136491368928141 0.142392188771359 0.118410381184104 0.106687898089172 0.110369206598586 0.0907617504051864 0.104556550040683 0.0776460972619534 0.0867865519937451 0.0770161290322581 0.0849466613986567 0.0709963695038322 0.0652614511552493 0.0730071033938437 0.0572669826224329
"KEGG_CARDIAC_MUSCLE_CONTRACTION" 0.228989037758831 0.232793522267206 0.262465097726366 0.284517158818835 0.329992289899769 0.368038740920097 0.397508038585209 0.408606395578366 0.464908722109533 0.50518341307815 0.556648308418568 0.589278516727126 0.637634838194167 0.68969696969697 0.746519246519247 0.786168521462639 0.827433628318584 0.871302957633893 0.879385100512416 0.910134600158353 0.935370152761457
"KEGG_RENIN_ANGIOTENSIN_SYSTEM" 0.142294048088293 0.15249500998004 0.157852240613646 0.16522423288749 0.173667205169628 0.182722929936306 0.207239459029435 0.21841371064169 0.227616394747314 0.238392508778775 0.251739664347114 0.283511269276394 0.279060348319158 0.310260586319218 0.341558950254602 0.361579596873715 0.387083671811535 0.411835748792271 0.439512961508248 0.477208551835417 0.493957115009747
"KEGG_TASTE_TRANSDUCTION" 0.202305246422893 0.20873786407767 0.231617647058824 0.217003105590062 0.21420071400238 0.234702093397746 0.212317666126418 0.214371738257728 0.232121454254894 0.247237003683995 0.250796178343949 0.272208638956805 0.270412287793048 0.283594063377457 0.31737936445665 0.321573398215734 0.355216881594373 0.352725793327909 0.391269199676637 0.45978878960195 0.493584603047314
"KEGG_PROXIMAL_TUBULE_BICARBONATE_RECLAMATION" 0.11521477318346 0.140216954600241 0.147699757869249 0.158383838383838 0.161927330173776 0.179850452577725 0.198697068403909 0.219690805532954 0.222489959839357 0.245663574021783 0.275079617834395 0.311382113821138 0.317277070063694 0.346751693901953 0.372501998401279 0.380126849894292 0.396538158929976 0.441256300891819 0.460890493381468 0.477917981072555 0.491269841269841
"KEGG_PATHOGENIC_ESCHERICHIA_COLI_INFECTION" 0.076 0.0739692805173808 0.0831295843520782 0.0767112509834776 0.081252477209671 0.0764659270998415 0.0649298597194389 0.0758313057583131 0.0681362725450902 0.0692276910764306 0.0685532084495815 0.0636839983877469 0.0700201207243461 0.0684380032206119 0.0737129485179407 0.0769854132901134 0.0796529968454259 0.0694668820678514 0.071745264006449 0.0658777120315582 0.0530938123752495
"KEGG_SYSTEMIC_LUPUS_ERYTHEMATOSUS" 0.737737341772152 0.696161616161616 0.681612505141917 0.649819494584838 0.616117506947201 0.615199034981906 0.55758538522637 0.543993571715548 0.531723291035612 0.505542359461599 0.488782051282051 0.463404771532552 0.468910891089109 0.424663127807268 0.435028248587571 0.421346077260056 0.421238244514107 0.39476861167002 0.375151270673659 0.374803149606299 0.348801237432328
"KEGG_PRIMARY_IMMUNODEFICIENCY" 0.811089108910891 0.777733439744613 0.738683127572016 0.715212981744422 0.682936668011295 0.662352941176471 0.622380387504943 0.618457850579305 0.570901639344262 0.536439665471924 0.530455828963292 0.48314606741573 0.481452249408051 0.448754593711719 0.441116956697693 0.43929450369155 0.423332032774093 0.396300669027942 0.362729449321628 0.377269139700079 0.35957696827262
"KEGG_HYPERTROPHIC_CARDIOMYOPATHY_HCM" 0.11007689194658 0.128142741281427 0.118847539015606 0.120539254559873 0.146312914553258 0.151785714285714 0.146822204344328 0.18218954248366 0.166400638467678 0.189883580891208 0.192127825409197 0.21265306122449 0.198396793587174 0.215347529128164 0.218024399842582 0.216746794871795 0.233333333333333 0.248610007942812 0.276629570747218 0.288791384124452 0.297694753577107
"KEGG_ARRHYTHMOGENIC_RIGHT_VENTRICULAR_CARDIOMYOPATHY_ARVC" 0.363453815261044 0.389064976228209 0.409090909090909 0.450996015936255 0.497860754570206 0.532425940752602 0.569952305246423 0.6225272507065 0.678383838383838 0.730784547988849 0.76872332169189 0.842660178426602 0.880770774789241 0.924025457438345 0.952418715305313 0.971417229059151 0.972778222578062 0.955092221331195 0.933041052212037 0.916039603960396 0.882562277580071
"KEGG_DILATED_CARDIOMYOPATHY" 0.0872374798061389 0.104792851340374 0.0867469879518072 0.103338632750397 0.120359515435717 0.126155082362395 0.134274193548387 0.160473662719477 0.156791616283757 0.168130990415335 0.183060109289617 0.195121951219512 0.182504970178926 0.204081632653061 0.202898550724638 0.213688818145643 0.223450454007106 0.228174603174603 0.259745425616547 0.261723446893788 0.273555027711797
"KEGG_GLYCOLYSIS_GLUCONEOGENESIS" 0.159840954274354 0.168463073852295 0.155075939248601 0.173597093257973 0.168679392286716 0.177610759493671 0.180248896025692 0.192136197811107 0.196747967479675 0.211165048543689 0.201809598741149 0.236290322580645 0.236204843191743 0.270488494146145 0.256847955537912 0.277113402061856 0.275287584291948 0.301294625343272 0.323220064724919 0.334132693844924 0.343610547667343
"KEGG_CITRATE_CYCLE_TCA_CYCLE" 0.459683794466403 0.485558157689305 0.507878787878788 0.510311362717347 0.540016168148747 0.539442231075697 0.575 0.595087163232964 0.63047068538398 0.620217478856222 0.655909640984268 0.694 0.712296060485476 0.722265932336743 0.750100441944556 0.753198514238547 0.804382470119522 0.784534836890858 0.778219395866455 0.758662369057212 0.750200160128103
"KEGG_PENTOSE_PHOSPHATE_PATHWAY" 0.511535401750199 0.465125877011969 0.43211334120425 0.420888542478566 0.401782098015391 0.395051875498803 0.375706214689266 0.34607564050427 0.331740342493031 0.308389129578574 0.302994011976048 0.311624072547403 0.292722155207077 0.276916802610114 0.278656126482213 0.295763389288569 0.279827315541601 0.265281173594132 0.281979082864039 0.262908947575877 0.254330708661417
"KEGG_PENTOSE_AND_GLUCURONATE_INTERCONVERSIONS" 0.999193548387097 1 1 1 1 0.999595632834614 0.999595305544314 0.999194198227236 0.999594320486815 0.994700366897676 0.995115995115995 0.990781563126253 0.984934853420195 0.975977198697068 0.96927924379677 0.956715210355987 0.946442845723421 0.935266084193805 0.924313725490196 0.90210608424337 0.888006354249404
"KEGG_FRUCTOSE_AND_MANNOSE_METABOLISM" 0.65950676213206 0.575745202123316 0.569273521238587 0.522954091816367 0.459747434885556 0.44859437751004 0.428341384863124 0.380461665292663 0.364219815483353 0.336816720257235 0.302594810379242 0.300205338809035 0.275653923541247 0.253792537925379 0.26690251572327 0.248108323377141 0.244347481158271 0.224249797242498 0.229025844930417 0.230258014073495 0.225285545490351
"KEGG_GALACTOSE_METABOLISM" 0.649150533386013 0.654776060245739 0.680868167202572 0.708485586682907 0.733493397358944 0.756255044390638 0.758141382049245 0.791732909379968 0.807467911318553 0.82011217948718 0.848581701957651 0.858007260992336 0.833742833742834 0.815082230244685 0.783247320365224 0.781435938119794 0.749201277955272 0.726127590410402 0.719747733543555 0.683876092136616 0.660649819494585
"KEGG_ASCORBATE_AND_ALDARATE_METABOLISM" 0.969477911646586 0.978947368421053 0.990543735224586 0.995584102769972 0.998405103668262 0.998809051210798 0.999605988967691 1 1 1 0.999592003263974 0.999600798403194 1 1 0.998822605965463 0.998790810157195 0.999599358974359 0.993638170974155 0.988989382618954 0.977379095163806 0.96422893481717
"KEGG_FATTY_ACID_METABOLISM" 0.0557324840764331 0.0662384584504215 0.0712284913965586 0.0827395091053048 0.0904799370574351 0.105033690051526 0.106661379857256 0.139655862344938 0.143029814665592 0.151868220168742 0.161966156325544 0.179158316633267 0.184380032206119 0.201954397394137 0.206235011990408 0.205762987012987 0.220664797757309 0.241935483870968 0.25 0.233228097868982 0.2616
"KEGG_STEROID_BIOSYNTHESIS" 0.331884630580798 0.343838383838384 0.340855106888361 0.340773216420885 0.346930693069307 0.34049323786794 0.356447688564477 0.354192229038855 0.352308917197452 0.35907804286292 0.329355608591885 0.379183673469388 0.345679012345679 0.350180505415162 0.35054347826087 0.350121852152721 0.3451536643026 0.343042071197411 0.333333333333333 0.30499001996008 0.290632506004804
"KEGG_PRIMARY_BILE_ACID_BIOSYNTHESIS" 0.359330338913842 0.343661971830986 0.335341365461847 0.334266293482607 0.341634241245136 0.356115107913669 0.363242817788272 0.390731122652817 0.393429158110883 0.386006289308176 0.401360544217687 0.422489959839357 0.442008768433639 0.453726453726454 0.464541832669323 0.482410028305702 0.484482063683998 0.535960991466883 0.546661303298471 0.593662254312074 0.616559485530547
"KEGG_STEROID_HORMONE_BIOSYNTHESIS" 0.144421906693712 0.154240631163708 0.143424711958681 0.147141143542583 0.166862514688602 0.140839544919576 0.169826542960871 0.163527054108216 0.18163430420712 0.175623052959502 0.186852589641434 0.178313253012048 0.20364500792393 0.208979591836735 0.213630928656835 0.213801356202633 0.220576461168935 0.228752978554408 0.242061855670103 0.25040192926045 0.266396761133603
"KEGG_OXIDATIVE_PHOSPHORYLATION" 0.264823717948718 0.246 0.257445940432477 0.22668240850059 0.237717908082409 0.21851106639839 0.227658714112414 0.223360655737705 0.202956452257291 0.223308883455583 0.208199356913183 0.211750305997552 0.212981744421907 0.204262163248894 0.202319072371052 0.201283079390537 0.189878383679874 0.203481143804393 0.17625754527163 0.171644763042613 0.166600397614314
"KEGG_PURINE_METABOLISM" 0.719114688128773 0.771156138259833 0.821197411003236 0.766171153073523 0.705624252094136 0.61984126984127 0.593525179856115 0.523828756058158 0.421730382293763 0.360160965794769 0.2742193755004 0.249085737505079 0.175282714054927 0.146530612244898 0.132836990595611 0.109331197436924 0.0892018779342723 0.0705024311183144 0.0684168655529037 0.0565130260521042 0.0522151898734177
"KEGG_PYRIMIDINE_METABOLISM" 0.0839905362776025 0.0758370310609117 0.0650602409638554 0.047844998022934 0.043358297201419 0.0398883127243718 0.0307194826192401 0.025254582484725 0.0182684670373312 0.0163021868787276 0.0146245059288538 0.0124198717948718 0.00767056923698022 0.00646725949878739 0.00739587388088751 0.00483675937122128 0.00750394944707741 0.00404367165386171 0.00680272108843537 0.0051464766429137 0.00630914826498423
"KEGG_ALANINE_ASPARTATE_AND_GLUTAMATE_METABOLISM" 0.594605315351051 0.6398891966759 0.638631790744467 0.689878542510121 0.721042084168337 0.764611043933898 0.803897685749086 0.834110334110334 0.849320708110333 0.877715205148833 0.869964100518548 0.858501783590963 0.815186822016874 0.826930853214719 0.82078022402472 0.809542743538767 0.802189210320563 0.785772029102668 0.811996779388084 0.799198396793587 0.787927565392354
"KEGG_GLYCINE_SERINE_AND_THREONINE_METABOLISM" 0.0786741214057508 0.0835006021678041 0.0936238902340597 0.101397205588822 0.108022239872915 0.110095389507154 0.13601299228583 0.146138613861386 0.171416938110749 0.187047465808528 0.21021377672209 0.234768480909829 0.258462763839108 0.29251968503937 0.321153065367438 0.366197183098592 0.39431545236189 0.438603373872107 0.471231766612642 0.528605015673981 0.555198715375351
"KEGG_CYSTEINE_AND_METHIONINE_METABOLISM" 0.534864973800887 0.495524816924329 0.473857554549197 0.42603550295858 0.380047505938242 0.349299065420561 0.310151878497202 0.276910764305722 0.266802443991853 0.24068882659191 0.230462519936204 0.236863711001642 0.227878787878788 0.231553200163066 0.23116169544741 0.231515151515152 0.224409448818898 0.226741844542892 0.232974910394265 0.23479661699557 0.239147592738753
"KEGG_VALINE_LEUCINE_AND_ISOLEUCINE_DEGRADATION" 0.83589329021827 0.806775407779172 0.793830534947286 0.773049645390071 0.716365066876475 0.678966789667897 0.65093962415034 0.574969021065675 0.553921568627451 0.498573175703221 0.454581832733093 0.424601552921945 0.393643031784841 0.379141104294479 0.37564870259481 0.357845064883995 0.365041617122473 0.337242215932066 0.329554655870445 0.315789473684211 0.302029446876244
"KEGG_LYSINE_DEGRADATION" 0.769984326018809 0.772798742138365 0.815695600475624 0.801345468935497 0.764027059291683 0.700528240552621 0.659180457052797 0.597808441558442 0.560430793777423 0.532508974870363 0.500791765637371 0.461475743986955 0.412762520193861 0.385685071574642 0.361811023622047 0.31919111816019 0.309495431068733 0.267757382282522 0.256440745144669 0.244897959183673 0.237767893247068
"KEGG_ARGININE_AND_PROLINE_METABOLISM" 0.914600550964187 0.887494941319304 0.865779927448609 0.812698412698413 0.799761146496815 0.791240278346296 0.748896911351785 0.730364372469636 0.702660406885759 0.681176944780331 0.636254019292605 0.620787657328461 0.58374183006536 0.520816653322658 0.519516003122561 0.493205435651479 0.465253239104829 0.441500203832042 0.413365346138455 0.420758483033932 0.381897578404129
"KEGG_HISTIDINE_METABOLISM" 0.347177419354839 0.345367027677497 0.339098954143202 0.35049504950495 0.342338865302972 0.368630573248408 0.380686352753392 0.399106780349168 0.441129032258064 0.448054552747694 0.472613458528951 0.482063683998388 0.514771347632537 0.552865213882163 0.574510587295246 0.606097071801043 0.645392899880335 0.682283464566929 0.714741035856574 0.7468 0.780805205368036
"KEGG_TYROSINE_METABOLISM" 0.146747967479675 0.150761828388132 0.150142798857609 0.159697331740342 0.166666666666667 0.151033386327504 0.159806295399516 0.177138224564248 0.173014586709887 0.18615944961554 0.178388998035363 0.19014657980456 0.187450039968026 0.197421434327156 0.201581027667984 0.191429715658791 0.19 0.200878594249201 0.201980198019802 0.214228617106315 0.211424038080127
"KEGG_PHENYLALANINE_METABOLISM" 0.343852459016393 0.339652448657188 0.346634421604192 0.373397435897436 0.401158301158301 0.416429442862952 0.421706047256708 0.452093397745572 0.472491909385113 0.487671232876712 0.519825535289453 0.51637687019814 0.540912667191188 0.573535273017138 0.590255591054313 0.611793611793612 0.617986470354158 0.643488745980707 0.679712460063898 0.682703777335984 0.713365539452496
"KEGG_TRYPTOPHAN_METABOLISM" 0.582608695652174 0.614689709347997 0.63538338658147 0.616279069767442 0.660213354405373 0.702299314239613 0.717400080742834 0.741719242902208 0.764446227929374 0.782414910858995 0.828376205787781 0.853102574926129 0.865515857085508 0.899565045472519 0.91622394769105 0.922437673130194 0.920094936708861 0.915515840779854 0.902794653705954 0.899842271293375 0.90726615816941
"KEGG_BETA_ALANINE_METABOLISM" 0.35725677830941 0.357626443647949 0.350793650793651 0.374299439551641 0.379242304656669 0.419664268585132 0.425039872408293 0.470261697065821 0.49093107617896 0.488242327620566 0.523581135091926 0.569438917628333 0.593674939951962 0.605028386050284 0.664352797060024 0.669246435845214 0.694545454545455 0.728321400159109 0.748417721518987 0.774727492935002 0.79073482428115
"KEGG_SELENOAMINO_ACID_METABOLISM" 0.315873650539784 0.300966962127317 0.296296296296296 0.259026687598116 0.224514081713606 0.215904572564612 0.215566422167889 0.184125705076551 0.190012180267966 0.195022439820481 0.164931945556445 0.16945107398568 0.173263327948304 0.178934526230175 0.17982799061767 0.182504970178926 0.184282907662083 0.197495961227787 0.186930693069307 0.174565560821485 0.172795571372084
"KEGG_GLUTATHIONE_METABOLISM" 0.959715639810427 0.968986083499006 0.975908372827804 0.979124849458049 0.978765237907983 0.9492 0.933067729083665 0.905254777070064 0.859149277688603 0.848250610252238 0.797652772157021 0.779695848746404 0.729518320296418 0.692897497982244 0.652744630071599 0.617324115494103 0.584154513204572 0.564196030781693 0.539765845781187 0.506789137380192 0.468263473053892
"KEGG_STARCH_AND_SUCROSE_METABOLISM" 0.505267423014587 0.556729264475743 0.540220820189274 0.532984714400644 0.562325766626842 0.539615384615385 0.563958165728077 0.559061488673139 0.56957928802589 0.573443008225617 0.581861012956419 0.601840736294518 0.603870458135861 0.630861723446894 0.647967479674797 0.663204155013983 0.696727853152434 0.693764798737174 0.726688102893891 0.765732846122615 0.773408998783948
"KEGG_AMINO_SUGAR_AND_NUCLEOTIDE_SUGAR_METABOLISM" 0.379666401906275 0.345786633457866 0.325766626841896 0.32191235059761 0.304916732751784 0.283011430823808 0.263350998777008 0.231340206185567 0.210336538461538 0.212535154680595 0.189968404423381 0.17860048820179 0.161669367909238 0.157679738562091 0.158435401027262 0.168851807707588 0.16693354683747 0.145740815502624 0.1520420541852 0.161047203490678 0.14013497419611
"KEGG_GLYCOSAMINOGLYCAN_BIOSYNTHESIS_CHONDROITIN_SULFATE" 0.975009916699722 0.982841181165203 0.966585167074165 0.939151321056846 0.902545743834527 0.860270700636943 0.820184221065278 0.760574620909816 0.717908082408875 0.703527546571542 0.659253375694996 0.62668849774867 0.613222486144101 0.583265966046888 0.581183009130607 0.575238853503185 0.562524654832347 0.520631067961165 0.500598324690866 0.470916334661355 0.459624796084829
"KEGG_GLYCOSAMINOGLYCAN_BIOSYNTHESIS_HEPARAN_SULFATE" 0.884069400630915 0.841483292583537 0.745571658615137 0.640142517814727 0.545236188951161 0.47271329746349 0.397991967871486 0.373523421588595 0.332667731629393 0.301763017630176 0.289269685842513 0.268777913114088 0.245542949756888 0.223820943245404 0.2163973196689 0.22557003257329 0.205298013245033 0.18905080740449 0.185819070904645 0.188178528347407 0.193729903536977
"KEGG_INOSITOL_PHOSPHATE_METABOLISM" 0.402463249900675 0.454288025889968 0.508467575382074 0.607156748346947 0.628560280920796 0.699044585987261 0.7736 0.826122448979592 0.894466403162055 0.906275140788415 0.905437352245863 0.925414364640884 0.930926216640502 0.943287037037037 0.95485969906466 0.921994370727784 0.853207398661944 0.784469096671949 0.725346373268134 0.672448567970956 0.634292565947242
"KEGG_PYRUVATE_METABOLISM" 0.451073985680191 0.476019184652278 0.46306592533757 0.482470119521912 0.492406075139888 0.503774334525228 0.530854107069881 0.529155097183657 0.560569105691057 0.561779896702424 0.566613798572561 0.609956879655037 0.615074566706973 0.639318271898534 0.661283811061768 0.689899833055092 0.699167657550535 0.731102362204724 0.755102040816326 0.766839378238342 0.799919807538091
"KEGG_GLYOXYLATE_AND_DICARBOXYLATE_METABOLISM" 0.894567404426559 0.927216415021293 0.949805447470817 0.962632006498781 0.976772126551862 0.98121682319314 0.961084905660377 0.926936973103171 0.889546351084813 0.834935897435897 0.773212169103121 0.741618969746525 0.68261045804621 0.631752577319588 0.587524366471735 0.553059643687064 0.481613285883749 0.452648475120385 0.430544593528019 0.388866639967962 0.37745483110762
"KEGG_PROPANOATE_METABOLISM" 0.967794537301264 0.947630922693267 0.919856459330144 0.905007949125596 0.874853343762221 0.85783326621023 0.843937575030012 0.809833401056481 0.819830713422007 0.780388978930308 0.767899291896145 0.76039119804401 0.753402722177742 0.720824742268041 0.695306284805091 0.665488810365135 0.644664031620553 0.62008910490077 0.582383012190326 0.569753336029114 0.544546544147024
"KEGG_BUTANOATE_METABOLISM" 0.207554671968191 0.245558626135018 0.239549839228296 0.266269841269841 0.303585657370518 0.334246575342466 0.376003210272873 0.405068382944489 0.453696181965881 0.478740157480315 0.542924343394747 0.578591325109431 0.641260973663208 0.686679920477137 0.734318817419097 0.787720706260032 0.830414012738854 0.871734892787524 0.907174706120795 0.943633414436334 0.960822342901474
"KEGG_ONE_CARBON_POOL_BY_FOLATE" 0.33974358974359 0.347110754414125 0.345867606737172 0.378181818181818 0.402665589660743 0.419508326724822 0.419059011164274 0.465069860279441 0.494238683127572 0.498977505112474 0.526525727961707 0.554625199362041 0.578106272473032 0.605504587155963 0.638505280259951 0.664059283655825 0.70933014354067 0.70048309178744 0.691647150663544 0.65124698310539 0.677458518818292
"KEGG_RETINOL_METABOLISM" 0.115831663326653 0.129777070063694 0.124949939927913 0.130697862041146 0.13892168437623 0.11875 0.1352 0.125101214574899 0.151315789473684 0.132260596546311 0.135007849293564 0.1396968455551 0.132908873855949 0.131717171717172 0.129607609988109 0.130976295701085 0.137192704203013 0.134351743047395 0.132174616006467 0.124900239425379 0.142972211035038
"KEGG_PORPHYRIN_AND_CHLOROPHYLL_METABOLISM" 0.99919387343813 0.999613302397525 1 1 1 0.999597423510467 0.999595632834614 0.997592295345104 0.996378269617706 0.993058391180074 0.985536359983929 0.983632734530938 0.968916155419223 0.946726311508743 0.931674565560822 0.916462917685412 0.872560732775786 0.832406671961874 0.794048551292091 0.757707509881423 0.740959119496855
"KEGG_TERPENOID_BACKBONE_BIOSYNTHESIS" 0.222440172616712 0.202469135802469 0.188919888401754 0.159320663162151 0.146708961141951 0.15281718686664 0.144933387161889 0.144699717855703 0.16156670746634 0.180064308681672 0.175431553592935 0.192756539235412 0.184609087187884 0.191633466135458 0.220727848101266 0.211584875301689 0.220504475183076 0.226499189627229 0.2236 0.233453670276775 0.232730263157895
"KEGG_NITROGEN_METABOLISM" 0.116785431512272 0.118533604887984 0.125494853523357 0.126938775510204 0.120730738681493 0.116712981341802 0.108195397658458 0.122843056696795 0.117861482381531 0.129306850425618 0.123137254901961 0.128535773710483 0.136436597110754 0.142798690671031 0.140048154093098 0.145417515274949 0.168512658227848 0.171417101565636 0.172814755412991 0.194596711041504 0.188239936858721
"KEGG_METABOLISM_OF_XENOBIOTICS_BY_CYTOCHROME_P450" 0.145850120870266 0.151778656126482 0.135404221425727 0.147142278070531 0.147573587907717 0.12578125 0.143198090692124 0.134008097165992 0.148686868686869 0.145433163465308 0.14612051988972 0.147938561034762 0.154090548054011 0.151058631921824 0.156500802568218 0.154997976527722 0.160271782573941 0.160284247927359 0.149337615415496 0.160707111289675 0.171543086172345
"KEGG_DRUG_METABOLISM_CYTOCHROME_P450" 0.178354276449128 0.17309205350118 0.162194633560272 0.174596774193548 0.174413984902662 0.151076320939335 0.165739268680445 0.158343483556638 0.181334424887433 0.168688845401174 0.172198360015619 0.170264765784114 0.174172977281786 0.175438596491228 0.180650341228422 0.177406523468576 0.182429758607044 0.178006329113924 0.166999600479425 0.171806167400881 0.182813133360357
"KEGG_DRUG_METABOLISM_OTHER_ENZYMES" 0.8464 0.876600698486612 0.892772041302621 0.922826969943136 0.945913936044216 0.94901506373117 0.955100433241434 0.958849380743108 0.969255663430421 0.973228346456693 0.97890127388535 0.975786924939467 0.980978260869565 0.980540111199365 0.98921294446664 0.987732489117531 0.985387045813586 0.992525570416995 0.991892987434131 0.994747474747475 0.997571833265884
"KEGG_BIOSYNTHESIS_OF_UNSATURATED_FATTY_ACIDS" 0.140224358974359 0.13766339869281 0.137074148296593 0.141133896260555 0.128346456692913 0.140183193946635 0.145726664040961 0.132790224032587 0.163907953169156 0.152576489533011 0.160855784469097 0.190965092402464 0.193075356415479 0.195910020449898 0.22108976871815 0.235643564356436 0.261390887290168 0.255804480651731 0.287494973864093 0.278281434765471 0.292585170340681
"KEGG_ABC_TRANSPORTERS" 0.143951612903226 0.158019801980198 0.136054421768707 0.150749802683504 0.15510522213562 0.149980055843638 0.15548413017276 0.158360128617363 0.157177225340818 0.153538584566174 0.154269972451791 0.17079107505071 0.170838299562972 0.186046511627907 0.196939976461357 0.191080196399345 0.206786427145709 0.233079695634762 0.26201049656843 0.249499399279135 0.296012887635924
"KEGG_RIBOSOME" 0.558306709265176 0.528865563181268 0.525997581620314 0.50254204145483 0.478277886497065 0.463297232250301 0.432260627731426 0.425609756097561 0.419276128507523 0.439634630659253 0.422848076160254 0.430167597765363 0.425506072874494 0.430868167202572 0.410225442834138 0.419603078169299 0.425984251968504 0.428279525950143 0.432038834951456 0.42261427425822 0.433628318584071
"KEGG_RNA_DEGRADATION" 0.0670926517571885 0.0590582601755786 0.0548054011119936 0.0527974783293932 0.0656847133757962 0.0525471319695146 0.0568319226118501 0.057606490872211 0.0615633859862292 0.0593662254312074 0.0575853852263701 0.0465210355987055 0.0452342487883683 0.034357316087308 0.0346708219711726 0.0305098354074669 0.0405671524222135 0.0327737809752198 0.0367852858856457 0.0327537403962798 0.0396039603960396
"KEGG_RNA_POLYMERASE" 0.174653465346535 0.158148893360161 0.133683360258481 0.112034837688044 0.123666534966416 0.0963806425376169 0.100722311396469 0.0985858585858586 0.0821586790173178 0.0913806863527534 0.101466508125248 0.0984665052461663 0.100524828421478 0.113147410358566 0.124704956726987 0.146341463414634 0.159100040176778 0.176209677419355 0.170059880239521 0.16127744510978 0.175459632294165
"KEGG_DNA_REPLICATION" 0.124455013872374 0.141224489795918 0.1304 0.138602065131056 0.146650812524772 0.156597774244833 0.133896260554885 0.153160453808752 0.145402997164844 0.144651539708266 0.139009900990099 0.148356054530874 0.139046079223929 0.148387096774194 0.141524105754277 0.125050100200401 0.125791139240506 0.12962226640159 0.136363636363636 0.119968114786768 0.131977671451356
"KEGG_SPLICEOSOME" 0.238000793335978 0.245895074088907 0.220168742466854 0.194094488188976 0.190833662583959 0.170391061452514 0.157597742845627 0.145424836601307 0.13215149073328 0.12815378454145 0.118441971383148 0.118415679869334 0.109850020267531 0.127987039287161 0.124320124320124 0.122424242424242 0.126871552403467 0.155438311688312 0.140918163672655 0.141829804234918 0.157748711850971
"KEGG_PROTEASOME" 0.0652689873417722 0.0649878147847279 0.0632603406326034 0.0665883274578927 0.0768307322929172 0.062748212867355 0.0715434083601286 0.062199036918138 0.0518548065416833 0.0578149920255183 0.0593152866242038 0.0532087733549959 0.0511066398390342 0.0505868069607446 0.0536413469068128 0.0573836276083467 0.0567651632970451 0.0555111821086262 0.0626746506986028 0.0588932806324111 0.0653724247226624
"KEGG_PROTEIN_EXPORT" 0.0573933838182543 0.0573376102646351 0.0559301864339548 0.0489538097118042 0.0415849352687328 0.0395002015316405 0.0371851259496202 0.0306623058053966 0.031063321385902 0.0303756994404476 0.0245374094931617 0.0194174757281553 0.019758064516129 0.0148654077942949 0.0246913580246914 0.0274193548387097 0.0344 0.0317014446227929 0.0339592489013184 0.0369487485101311 0.0359116022099447
"KEGG_PPAR_SIGNALING_PATHWAY" 0.222937625754527 0.227808326787117 0.236998809051211 0.231907237105158 0.231558185404339 0.241910023677979 0.251010509296686 0.242919824491424 0.247376916868442 0.256869772998805 0.253465346534653 0.270508203281313 0.267871485943775 0.306360708534622 0.291750503018109 0.284479209551256 0.301625049544193 0.308714341539664 0.315008025682183 0.32241310427487 0.335949764521193
"KEGG_BASE_EXCISION_REPAIR" 0.150846790074833 0.171463315768139 0.167473769168684 0.166600555335184 0.180779834580544 0.185742574257426 0.186440677966102 0.173295454545455 0.161640530759952 0.171462829736211 0.152876280535855 0.16453162530024 0.145069274653627 0.158383838383838 0.14368932038835 0.138319260152795 0.147943037974684 0.166189111747851 0.165584415584416 0.150375939849624 0.155573060259945
"KEGG_NUCLEOTIDE_EXCISION_REPAIR" 0.136381709741551 0.145934959349593 0.136003172085646 0.117600317838697 0.107680126682502 0.0973274830474671 0.0768 0.0815415821501014 0.0643228126248502 0.0607401448109413 0.050597609561753 0.0467252396166134 0.0397750100441945 0.0368421052631579 0.0344018764659891 0.0308988764044944 0.0295391886569516 0.0259688373951259 0.0319279574293901 0.023030303030303 0.0330378726833199
"KEGG_MISMATCH_REPAIR" 0.153692614770459 0.160271782573941 0.150951031970862 0.140894819466248 0.140600315955766 0.126328217237308 0.106272473032361 0.10609756097561 0.0881164106709782 0.0837717523269931 0.0703093611892326 0.0703218116805721 0.0641387656313029 0.0562753036437247 0.0486949746786132 0.0483870967741935 0.036741214057508 0.0381861575178998 0.042020202020202 0.0305466237942122 0.0350665054413543
"KEGG_HOMOLOGOUS_RECOMBINATION" 0.181279620853081 0.1924 0.197262479871176 0.202627388535032 0.218404423380727 0.220541401273885 0.217806041335453 0.228641171684296 0.209901800327332 0.19718875502008 0.185126582278481 0.183273309323729 0.160757453666398 0.170334148329258 0.158326817826427 0.141927612850752 0.13767258382643 0.132105684547638 0.134615384615385 0.0978909669717469 0.106262626262626
"KEGG_MAPK_SIGNALING_PATHWAY" 0.12800963081862 0.142340168878166 0.180894308943089 0.210381439244986 0.254631454473788 0.292614770459082 0.366812227074236 0.401456900040469 0.480598221503638 0.537558685446009 0.643474842767296 0.724068071312804 0.812774451097804 0.886671987230646 0.937984496124031 0.976565656565657 0.960236220472441 0.93362307388384 0.917752442996743 0.891228070175439 0.877221324717286
"KEGG_ERBB_SIGNALING_PATHWAY" 0.650039904229848 0.702559934985778 0.757972199509403 0.800318852132324 0.847364280094414 0.910582444626743 0.964442668797443 0.950534230312624 0.927839278392784 0.898481215027978 0.858517034068136 0.836947791164659 0.794225294835299 0.759839357429719 0.700941915227629 0.697421434327156 0.666268894192522 0.650954896383584 0.628787878787879 0.613608748481166 0.539644970414201
"KEGG_CALCIUM_SIGNALING_PATHWAY" 0.0549979927739863 0.0693311582381729 0.0655671761866452 0.0836621941594317 0.103215561730846 0.102460669624849 0.111826226870475 0.124536082474227 0.148557882259976 0.161624203821656 0.198890649762282 0.245484400656814 0.2396 0.302685109845403 0.326205287713841 0.356514788169464 0.428104575163399 0.453312051077414 0.50616792678074 0.547005156683856 0.59508460918614
"KEGG_CYTOKINE_CYTOKINE_RECEPTOR_INTERACTION" 0.772421967601738 0.799121405750799 0.829770387965162 0.84248496993988 0.86582894203486 0.891252006420546 0.905637744902039 0.903682719546742 0.871887550200803 0.835294117647059 0.81605486083098 0.777297721916732 0.772977219167321 0.738705738705739 0.696105981533521 0.685771543086172 0.663625545418485 0.622195512820513 0.58213716108453 0.584627638391079 0.568172888015717
"KEGG_CHEMOKINE_SIGNALING_PATHWAY" 0.773843058350101 0.7292 0.685974348365743 0.66062071745264 0.607640270592917 0.574074074074074 0.547065773926743 0.523334662943758 0.497356649044327 0.470149253731343 0.468874700718276 0.424603174603175 0.426863292148266 0.394222945484133 0.375836284927194 0.357114702404415 0.365451055662188 0.338351822503962 0.318986323411102 0.317693836978131 0.312938425565082
"KEGG_PHOSPHATIDYLINOSITOL_SIGNALING_SYSTEM" 0.386902370429892 0.430172068827531 0.48911704312115 0.571872571872572 0.597397476340694 0.622558788361897 0.661124307205067 0.727047146401985 0.769623233908948 0.817311527722377 0.885611797528896 0.931506849315068 0.953131153997637 0.979695431472081 0.990525069088038 0.975678962302392 0.946478873239437 0.921725239616613 0.902389631429729 0.878763548775592 0.843292441630392
"KEGG_NEUROACTIVE_LIGAND_RECEPTOR_INTERACTION" 0.0993191830196235 0.112044817927171 0.127893291486858 0.121546961325967 0.130521289295663 0.115890083632019 0.125250100040016 0.127212844792096 0.131067961165049 0.14136546184739 0.144158415841584 0.149938549774683 0.145724608590927 0.194320486815416 0.189072327044025 0.209906617945595 0.221291866028708 0.25439672801636 0.280948553054662 0.305455993628037 0.307814992025518
"KEGG_CELL_CYCLE" 0.0574620909816441 0.0554880518428514 0.0434262948207171 0.0368442130556668 0.0416339355852317 0.0400634668782229 0.0393890675241158 0.0341914722445696 0.0344268934791414 0.0429891522699879 0.0357142857142857 0.0342084327764519 0.0291380008093889 0.0324939073923639 0.0308473252635689 0.0281576830249397 0.0304709141274238 0.0260625501202887 0.0303520841764468 0.0280632411067194 0.0319967598217902
"KEGG_OOCYTE_MEIOSIS" 0.154606563859233 0.157044812272911 0.14630288651641 0.140343862455018 0.147244094488189 0.140502354788069 0.130228887134964 0.127625201938611 0.119384864427357 0.122489959839357 0.121480289621883 0.120142743854084 0.10709939148073 0.104981473857555 0.09224237746044 0.0913500404203719 0.0839905362776025 0.0708502024291498 0.0738498789346247 0.070828331332533 0.059887459807074
"KEGG_P53_SIGNALING_PATHWAY" 0.108652706440142 0.1078352180937 0.109805510534846 0.110011871784725 0.102866117000393 0.104003139717425 0.103006012024048 0.105939004815409 0.0913848631239936 0.105091649694501 0.100840336134454 0.11377245508982 0.105671154630763 0.101026694045175 0.0948647589180713 0.107056936647955 0.106534653465347 0.106151990349819 0.114227642276423 0.122279382667194 0.121088988216172
"KEGG_UBIQUITIN_MEDIATED_PROTEOLYSIS" 0.0767376456408196 0.0908360128617363 0.0845458120330319 0.0727860897695107 0.0766481334392375 0.0636182902584493 0.0731608730800323 0.0542386500602652 0.0605939004815409 0.054989816700611 0.0502592740327084 0.0364225010117361 0.0319708619991906 0.0251012145748988 0.0304330862270776 0.0210526315789474 0.0297855440826052 0.0238769728854715 0.0199349064279902 0.0203511572226656 0.0158793171893609
"KEGG_REGULATION_OF_AUTOPHAGY" 0.225896414342629 0.258422350041085 0.286626746506986 0.326596604688763 0.380743108270076 0.437083496667973 0.511561866125761 0.56079707198048 0.641130684145842 0.717823792123427 0.812059514487079 0.882495948136143 0.933306386418755 0.961850649350649 0.987881157154027 0.994711147274207 0.99206034140532 0.991906110886281 0.991732283464567 0.987742190589166 0.968688069758224
"KEGG_ENDOCYTOSIS" 0.269955876454071 0.266178266178266 0.245739199365834 0.2072 0.184477379095164 0.188553508428067 0.159837728194726 0.131239935587762 0.125409836065574 0.0901408450704225 0.0938131823695916 0.076614520657842 0.0733496332518337 0.0556692591076545 0.0652948159873368 0.0725871857258719 0.0642633228840125 0.0586109995985548 0.0526527331189711 0.0602503912363067 0.0572
"KEGG_PEROXISOME" 0.614891913530825 0.558539655895929 0.516752069373276 0.460380348652932 0.417534027221777 0.398280802292264 0.371405427298501 0.322857142857143 0.314668769716088 0.293096487686718 0.283515593357635 0.283557731538148 0.258544431041415 0.243032786885246 0.270932069510269 0.264345073209339 0.263571990558615 0.250402576489533 0.2532 0.257410296411856 0.254956383822363
"KEGG_MTOR_SIGNALING_PATHWAY" 0.642913385826772 0.692520775623269 0.781661184210526 0.847343378271213 0.905367793240557 0.952627388535032 0.971153846153846 0.993224392188123 0.995636652122174 0.988596146283917 0.973402143707821 0.941576630652261 0.893877551020408 0.835667215815486 0.7601246105919 0.707667731629393 0.647433346597692 0.594244021078233 0.574918566775244 0.545596258768511 0.499207606973059
"KEGG_APOPTOSIS" 0.877800407331976 0.847790507364975 0.804712460063898 0.721534159009189 0.645186953062848 0.566798418972332 0.496394230769231 0.460024106066693 0.395256916996047 0.373270067220245 0.358191193970647 0.310876623376623 0.317907444668008 0.27469387755102 0.257824726134585 0.23922499011467 0.243423635649784 0.226209677419355 0.204089815557338 0.212799371809973 0.211012861736334
"KEGG_VASCULAR_SMOOTH_MUSCLE_CONTRACTION" 0.0822249093107618 0.0839416058394161 0.0857258390618682 0.0850059031877214 0.0913009404388715 0.110889509373753 0.110843373493976 0.102574416733709 0.135167464114833 0.137450199203187 0.154715510522214 0.177528988404638 0.190379951495554 0.228467448443186 0.251974723538705 0.27148043565954 0.311588330632091 0.351254480286738 0.3948 0.438296178343949 0.47992125984252
"KEGG_WNT_SIGNALING_PATHWAY" 0.605431309904153 0.680241935483871 0.736183945139169 0.793365307753797 0.82078853046595 0.873946206342834 0.912170145726664 0.936187399030695 0.969084423305589 0.981267437225986 0.97842588893328 0.954106280193237 0.917296222664016 0.833605887162715 0.763222131814483 0.66894335074327 0.599122457120064 0.521462639109698 0.470539761021838 0.403257846642829 0.3609443777511
"KEGG_DORSO_VENTRAL_AXIS_FORMATION" 0.100591715976331 0.111513687600644 0.103310729956123 0.12574612017509 0.120481927710843 0.131621187800963 0.1575536654516 0.158640226628895 0.173843058350101 0.195809830781628 0.213863725876329 0.244560838033844 0.27247191011236 0.305352798053528 0.314032971451548 0.321571772253408 0.352707006369427 0.372446936323588 0.40761300555115 0.433372874654013 0.476093175316714
"KEGG_NOTCH_SIGNALING_PATHWAY" 0.589490320031608 0.618678629690049 0.652789005658852 0.717877094972067 0.763962494904199 0.6884661117717 0.656275303643725 0.579365079365079 0.501840490797546 0.451166468960063 0.433254344391785 0.378510378510378 0.355446355446355 0.304295463669209 0.285770286162289 0.2624 0.245551601423488 0.211369095276221 0.209481361426256 0.192216044479746 0.189792663476874
"KEGG_HEDGEHOG_SIGNALING_PATHWAY" 0.330935251798561 0.3687374749499 0.402116402116402 0.45709766706208 0.503747534516765 0.544982007197121 0.600637704264647 0.614182692307692 0.68879173290938 0.743083003952569 0.791716447630426 0.830081300813008 0.871445734881858 0.910786699107867 0.942564909520063 0.959459459459459 0.973178542834267 0.982723159193747 0.987560192616372 0.992448330683625 0.986470354158376
"KEGG_TGF_BETA_SIGNALING_PATHWAY" 0.595550258243941 0.63080587534736 0.653846153846154 0.696217974786499 0.721023181454836 0.786744639376218 0.848126232741617 0.872785829307568 0.915750915750916 0.931129476584022 0.955555555555556 0.974583002382844 0.98562874251497 0.981077745783628 0.967024235200636 0.951984126984127 0.927738927738928 0.917329093799682 0.888263665594855 0.861088871096877 0.816019032513878
"KEGG_AXON_GUIDANCE" 0.467760844079719 0.5343235648334 0.56579476861167 0.654379706698375 0.710966163880962 0.781338742393509 0.852184087363494 0.880877742946709 0.849651782056534 0.791349619543452 0.750899640143942 0.716720779220779 0.671314741035857 0.608467741935484 0.576148267526189 0.520657841957481 0.500196463654224 0.464485235434956 0.431735803463552 0.399034593724859 0.373872106708513
"KEGG_VEGF_SIGNALING_PATHWAY" 0.14119534697152 0.155082362394536 0.173338670936749 0.206100899491592 0.211746522411128 0.262773722627737 0.329830234438157 0.362729449321628 0.464401294498382 0.528393072895691 0.610420841683367 0.704518192722911 0.789197904070939 0.85553772070626 0.922431027588964 0.952127659574468 0.948356807511737 0.912287793047696 0.840614886731392 0.798309178743961 0.727667984189723
"KEGG_FOCAL_ADHESION" 0.521565495207668 0.556705133306805 0.57589106928314 0.61738782051282 0.634677419354839 0.675329868052779 0.722849357726742 0.757827982560444 0.808948004836759 0.827931172468988 0.782852564102564 0.744724025974026 0.727710843373494 0.679788961038961 0.653937947494033 0.603937007874016 0.572102161100197 0.523387096774194 0.516931864545084 0.475505443234837 0.43702518992403
"KEGG_ECM_RECEPTOR_INTERACTION" 0.69061876247505 0.678790355537393 0.649003984063745 0.606168446026097 0.605377619612495 0.579522460542291 0.572537801389456 0.537229783827062 0.514033680834002 0.508620689655172 0.487708168120539 0.484355952864689 0.478 0.454921422663358 0.445556445156125 0.427374301675978 0.427005870841487 0.410471622701839 0.402008032128514 0.39032006245121 0.376413570274637
"KEGG_CELL_ADHESION_MOLECULES_CAMS" 0.682272909163665 0.636363636363636 0.607157381049207 0.587807832054905 0.556039603960396 0.541386138613861 0.47992125984252 0.490785256410256 0.480194017784964 0.445678033306899 0.438301282051282 0.42604501607717 0.419252187748608 0.39909762100082 0.386902370429892 0.357086302454473 0.363279717536289 0.343438372556841 0.32631160572337 0.3486529318542 0.341917591125198
"KEGG_ADHERENS_JUNCTION" 0.612372748629601 0.675136825645035 0.726723095525998 0.7356 0.664931945556445 0.58695652173913 0.523943661971831 0.474214343271555 0.417783191230207 0.366236905721193 0.329787234042553 0.284278246883796 0.27953074433657 0.235270379338176 0.228371005455963 0.225948103792415 0.231942215088282 0.201896483603319 0.18406374501992 0.188753440817932 0.185583432895261
"KEGG_TIGHT_JUNCTION" 0.270185112248917 0.2878975629905 0.291332263242376 0.308690523004326 0.358208955223881 0.375912408759124 0.402008032128514 0.432443531827515 0.467099918765231 0.453579858379229 0.501388337961127 0.514285714285714 0.541371158392435 0.550507099391481 0.576878162709225 0.604026845637584 0.635539795114263 0.694444444444444 0.693418940609952 0.73482428115016 0.732034104750305
"KEGG_GAP_JUNCTION" 0.80497433872878 0.856635071090047 0.826809015421115 0.774412116381028 0.726005575467941 0.681692368525109 0.641471301535974 0.595703125 0.543573418225229 0.51618058330004 0.482907662082515 0.454653937947494 0.44770206022187 0.418782748891576 0.418225228810187 0.384430176565008 0.378091872791519 0.346823148522865 0.363452188006483 0.363235883059672 0.345209817893903
"KEGG_COMPLEMENT_AND_COAGULATION_CASCADES" 0.268086816720257 0.256208119826567 0.27891156462585 0.286290322580645 0.288967412642324 0.308343409915357 0.320589406610912 0.340899878394812 0.361676159479251 0.376432078559738 0.384105960264901 0.410360178065561 0.430129240710824 0.443426294820717 0.453061224489796 0.46937936703658 0.484181017220665 0.515643564356436 0.533984533984534 0.531026252983294 0.553444180522565
"KEGG_ANTIGEN_PROCESSING_AND_PRESENTATION" 0.394086674767112 0.344470962609387 0.358374384236453 0.320977917981073 0.308840864440079 0.299524564183835 0.278388278388278 0.26946349334409 0.252205292702486 0.244418331374853 0.236494597839136 0.219512195121951 0.215002005615724 0.201477226097661 0.180990099009901 0.175867507886435 0.179296875 0.166666666666667 0.141773162939297 0.156323644933229 0.149164677804296
"KEGG_TOLL_LIKE_RECEPTOR_SIGNALING_PATHWAY" 0.260904684975767 0.243035930561163 0.23668402082499 0.224546172059984 0.222395630120952 0.21948310139165 0.200317334391115 0.209508460918614 0.21486268174475 0.194718171068191 0.212841854934602 0.205607476635514 0.217478856222312 0.212608158220025 0.211089108910891 0.177054386661374 0.196708463949843 0.178163184864013 0.163461538461538 0.156497622820919 0.159872102318145
"KEGG_NOD_LIKE_RECEPTOR_SIGNALING_PATHWAY" 0.445395273023635 0.419212218649518 0.411287048315063 0.371563236449332 0.328167376985664 0.333464722112732 0.315705765407555 0.319632881085395 0.292673107890499 0.271345029239766 0.285771382893685 0.275121555915721 0.253134796238245 0.252864157119476 0.239198743126473 0.212765957446809 0.241257367387033 0.2268 0.218687072090213 0.222311719693919 0.230276331597917
"KEGG_RIG_I_LIKE_RECEPTOR_SIGNALING_PATHWAY" 0.777327935222672 0.76870198139911 0.688194158782394 0.669879518072289 0.604068857589984 0.5784 0.537212984956453 0.521616161616162 0.474970437524635 0.46873771136453 0.432993730407524 0.426863292148266 0.426948051948052 0.400726392251816 0.380081300813008 0.368127490039841 0.363019169329073 0.349162011173184 0.33957654723127 0.314105096799684 0.297286669288242
"KEGG_CYTOSOLIC_DNA_SENSING_PATHWAY" 0.60446247464503 0.572838531385709 0.54055166735282 0.525504151838671 0.481235340109461 0.464912280701754 0.437425029988005 0.421533571712356 0.41122244488978 0.388160508541915 0.369090186730234 0.340024086712164 0.322670931627349 0.294548413344182 0.241489787745294 0.241824788050061 0.220774091627172 0.203929273084479 0.169585987261146 0.17783000391696 0.175176747839749
"KEGG_JAK_STAT_SIGNALING_PATHWAY" 0.35828025477707 0.380421806605651 0.409017713365539 0.437072778447929 0.44675740592474 0.496991576413959 0.551184263348053 0.594150641025641 0.664921465968586 0.705479452054795 0.770142180094787 0.78928283642224 0.828193832599119 0.856009520031733 0.874804992199688 0.905882352941176 0.92969696969697 0.945121951219512 0.968034727703236 0.970257234726688 0.973433782712133
"KEGG_HEMATOPOIETIC_CELL_LINEAGE" 0.821966693100714 0.849879903923139 0.885882352941176 0.911799761620977 0.941822620016273 0.932432432432432 0.903853794199444 0.88406374501992 0.846735668789809 0.82994822779769 0.805477245267821 0.765797788309637 0.753288162614588 0.712826797385621 0.685470779220779 0.679936305732484 0.65350019554165 0.622125297383029 0.614817846909537 0.59800796812749 0.568878540939076
"KEGG_NATURAL_KILLER_CELL_MEDIATED_CYTOTOXICITY" 0.943204073638856 0.902985074626866 0.88911704312115 0.828921374950612 0.797383029341792 0.772166998011928 0.735871743486974 0.71875 0.671768022553363 0.659741277930223 0.639920948616601 0.572912504994007 0.571883711668658 0.535699546017334 0.49251968503937 0.477038796516231 0.45077519379845 0.436457505957109 0.40343862455018 0.397157520726411 0.382870551427454
"KEGG_T_CELL_RECEPTOR_SIGNALING_PATHWAY" 0.684419713831478 0.633201581027668 0.612786489746683 0.567260940032415 0.532803180914513 0.515740380878352 0.488501189532117 0.485440765855604 0.471745500209293 0.446215139442231 0.455971049457177 0.414595028067362 0.417916337805841 0.4120294599018 0.4004 0.378063479308959 0.387160299330445 0.361252446183953 0.337881219903692 0.34296875 0.349571317225253
"KEGG_B_CELL_RECEPTOR_SIGNALING_PATHWAY" 0.535700351150995 0.482414068745004 0.457097032878909 0.422546634225466 0.373205741626794 0.341605273361768 0.310853950518755 0.297264189465088 0.284674484431864 0.259745425616547 0.266427718040621 0.244417377182298 0.253560126582278 0.232577319587629 0.2294887039239 0.23746490172483 0.238503507404521 0.218057234985893 0.203532717784022 0.227201257861635 0.229379418695994
"KEGG_FC_EPSILON_RI_SIGNALING_PATHWAY" 0.483794466403162 0.548195160650536 0.597619047619048 0.647128245476003 0.699724517906336 0.77281706835243 0.835815047021944 0.852121212121212 0.798227950060411 0.742582197273456 0.706477732793522 0.641670044588569 0.602981561396626 0.545380875202593 0.514297061159651 0.48094867807154 0.459396751740139 0.420359281437126 0.403515944399019 0.381046008651199 0.370019723865878
"KEGG_FC_GAMMA_R_MEDIATED_PHAGOCYTOSIS" 0.521425710853024 0.458250099880144 0.414012738853503 0.376545672118069 0.329093799682035 0.327322618580949 0.272836059034703 0.266201804757998 0.226315789473684 0.217110573042776 0.223246492985972 0.184552845528455 0.192368214004721 0.1646418098031 0.160839160839161 0.156902086677368 0.156893203883495 0.136867088607595 0.137820512820513 0.127229488703924 0.128418549346017
"KEGG_LEUKOCYTE_TRANSENDOTHELIAL_MIGRATION" 0.428232502965599 0.4828 0.537798668233451 0.57411858974359 0.595546558704453 0.681909346169274 0.733413269384492 0.792150580696836 0.83387358184765 0.782350613375544 0.753895325609269 0.704207920792079 0.666535122336227 0.600963468486552 0.580540976988292 0.557847896440129 0.542092840283242 0.49500998003992 0.453666398066076 0.448031496062992 0.408568028560095
"KEGG_INTESTINAL_IMMUNE_NETWORK_FOR_IGA_PRODUCTION" 0.748195669607057 0.752718485702779 0.785572730875941 0.795732911892533 0.804907004352988 0.845746845746846 0.861313868613139 0.869808306709265 0.840113913751017 0.833465503568596 0.805126118795769 0.780614280015955 0.786250493875938 0.742197000405351 0.738936256597645 0.716248989490703 0.702927215189873 0.687131050767414 0.669732107157137 0.663723916532905 0.642576590730558
"KEGG_LONG_TERM_POTENTIATION" 0.381144238517325 0.451911468812877 0.4640549273021 0.483629191321499 0.508086785009862 0.569948186528497 0.593145161290323 0.661407766990291 0.704879016263388 0.761323355651831 0.808510638297872 0.83578431372549 0.854309995953055 0.862041467304625 0.88957528957529 0.900320256204964 0.924290220820189 0.927367576243981 0.944313725490196 0.961447678992919 0.965420184961801
"KEGG_NEUROTROPHIN_SIGNALING_PATHWAY" 0.562055335968379 0.589101034208433 0.620675620675621 0.667064914376742 0.714060653800709 0.772836538461538 0.833333333333333 0.785061581247517 0.700885668276973 0.63948324586193 0.584935897435897 0.520582120582121 0.45973819912733 0.427524429967427 0.405155054369714 0.382282521947326 0.351105845181675 0.320325203252033 0.295499800876145 0.309803921568627 0.300518134715026
"KEGG_LONG_TERM_DEPRESSION" 0.131386861313869 0.137444578798871 0.149319455564452 0.151754040204966 0.175089534421011 0.181345076060849 0.209255533199195 0.218181818181818 0.236619718309859 0.273622047244095 0.298265895953757 0.335947172926125 0.366639141205615 0.449077786688051 0.464805348014157 0.530903328050713 0.603826225587884 0.677265500794913 0.752662721893491 0.836196564123052 0.884444444444444
"KEGG_OLFACTORY_TRANSDUCTION" 0.0893280632411067 0.0933601609657948 0.0922583233052547 0.0918163672654691 0.0828707375099128 0.0949166004765687 0.0871836078746484 0.0889607763849575 0.0997987927565392 0.104404567699837 0.107885445272656 0.1152 0.123987034035656 0.133333333333333 0.14121835443038 0.172329103561195 0.192186266771902 0.207177814029364 0.223113964686998 0.249797570850202 0.300767056923698
"KEGG_REGULATION_OF_ACTIN_CYTOSKELETON" 0.765982636148382 0.829383886255924 0.873273761169781 0.808476609356258 0.734122287968442 0.665194700923324 0.603194103194103 0.553945249597424 0.455087440381558 0.439778129952456 0.393317230273752 0.362637362637363 0.355680449618627 0.304952926729431 0.297491039426523 0.271687697160883 0.268774703557312 0.230190174326466 0.232605177993528 0.221218074656189 0.228317870108915
"KEGG_INSULIN_SIGNALING_PATHWAY" 0.161991307783485 0.170414201183432 0.177016129032258 0.195356285028022 0.196254389387437 0.229264475743349 0.238290879211175 0.251394422310757 0.301053484602917 0.319538400318345 0.352917505030181 0.393879952922715 0.431142410015649 0.493167202572347 0.515261044176707 0.546331236897275 0.585826771653543 0.653061224489796 0.716183574879227 0.775601795185639 0.847817380857028
"KEGG_GNRH_SIGNALING_PATHWAY" 0.135310849248273 0.145623235175474 0.164835164835165 0.173333333333333 0.200156067108857 0.228343313373254 0.257841140529532 0.270016339869281 0.327162977867203 0.337922895357986 0.410154700515668 0.455768446799837 0.502249488752556 0.599434114793856 0.657087378640777 0.741039065646395 0.810091378625348 0.874053407732164 0.92218675179569 0.949800796812749 0.977961432506887
"KEGG_PROGESTERONE_MEDIATED_OOCYTE_MATURATION" 0.155956112852665 0.133387555917039 0.13713832738803 0.128685258964143 0.152615144418423 0.136953955135773 0.157348242811502 0.14913341394599 0.164428164428164 0.157706093189964 0.151909017059301 0.149425287356322 0.145161290322581 0.144203195411717 0.146425826287471 0.149038461538462 0.145475819032761 0.128298822574097 0.134165995165189 0.146534653465347 0.132429198244914
"KEGG_MELANOGENESIS" 0.14171974522293 0.176232821341956 0.17776886035313 0.201270345375149 0.215886747935509 0.253611556982344 0.283707865168539 0.320731200664728 0.370075606844409 0.420841683366733 0.469667318982387 0.534688995215311 0.584373741441804 0.633575464083939 0.6847739888977 0.737072394590294 0.804339250493097 0.861507936507937 0.907014028056112 0.942579862515164 0.964662875710804
"KEGG_ADIPOCYTOKINE_SIGNALING_PATHWAY" 0.112935522627153 0.126996805111821 0.11608557844691 0.126294820717131 0.10948036493455 0.123191239734063 0.125201288244767 0.119366626065773 0.127132412672624 0.141992739007664 0.147000397298371 0.160015961691939 0.16030230708035 0.187678498572011 0.200078926598264 0.176954732510288 0.173861386138614 0.18728053062817 0.221775813579751 0.231463318948607 0.238473767885533
"KEGG_TYPE_II_DIABETES_MELLITUS" 0.164100486223663 0.182106096595408 0.178323108384458 0.18923198733175 0.212169103121296 0.228783730934689 0.239261340826977 0.27498001598721 0.295893719806763 0.336022589753933 0.368441814595661 0.397983870967742 0.41229444009397 0.453827940015785 0.491957630443311 0.527363184079602 0.559952038369305 0.594219653179191 0.663153627888123 0.703042596348884 0.775518341307815
"KEGG_TYPE_I_DIABETES_MELLITUS" 0.316907051282051 0.29882733522038 0.307096247960848 0.289825699229834 0.278422273781903 0.265434526150216 0.266293482606957 0.24890307140008 0.245642480745845 0.227703235990529 0.242532855436081 0.229376257545272 0.240272763738468 0.234128588758593 0.221172766627312 0.215311004784689 0.230892356942777 0.213036565977742 0.19800796812749 0.216376582278481 0.217857142857143
"KEGG_MATURITY_ONSET_DIABETES_OF_THE_YOUNG" 0.568910256410256 0.576386118867172 0.603996737357259 0.614583333333333 0.634049323786794 0.629117527450183 0.663047848813832 0.676328502415459 0.712454945935122 0.738835725677831 0.756640625 0.766923388731253 0.805905511811024 0.826472962066182 0.846123101518785 0.882352941176471 0.903647898493259 0.91866028708134 0.934016393442623 0.948562170919401 0.960721442885772
"KEGG_ALDOSTERONE_REGULATED_SODIUM_REABSORPTION" 0.115015974440895 0.126749300279888 0.125750901081298 0.159403219473891 0.166796875 0.194743130227001 0.206647977573088 0.240740740740741 0.273272073511786 0.304347826086957 0.33385641428011 0.386182108626198 0.423288749016522 0.489275596924322 0.51157316594743 0.565583634175692 0.636290967226219 0.701522435897436 0.768375049662296 0.816532258064516 0.880990415335463
"KEGG_VASOPRESSIN_REGULATED_WATER_REABSORPTION" 0.572449384676459 0.628982128982129 0.644614764017749 0.629334396173774 0.571371451419432 0.584102769971899 0.535228182546037 0.504058441558442 0.445252525252525 0.409554920375664 0.387682589814449 0.361313868613139 0.342084006462036 0.30351966873706 0.307961165048544 0.293720190779014 0.280221957986524 0.26438188494492 0.239112903225806 0.250492319810949 0.218276137270551
"KEGG_ALZHEIMERS_DISEASE" 0.297049441786284 0.278768233387358 0.263475462590507 0.243009058684521 0.22196261682243 0.208132045088567 0.197841726618705 0.17446116307442 0.165851670741646 0.183950617283951 0.148686868686869 0.140816326530612 0.143373493975904 0.126016260162602 0.133253301320528 0.140137707573917 0.123634945397816 0.114787581699346 0.106971153846154 0.0973767885532591 0.101855507303593
"KEGG_PARKINSONS_DISEASE" 0.268812877263581 0.238938053097345 0.239672801635992 0.225079113924051 0.215648112105878 0.191540303272147 0.191375770020534 0.180503923998348 0.158927141713371 0.178455284552846 0.153567110036276 0.145174371451744 0.159356136820926 0.143315937374548 0.149640861931365 0.149301397205589 0.148627450980392 0.155115511551155 0.1421647819063 0.138755980861244 0.146302250803859
"KEGG_AMYOTROPHIC_LATERAL_SCLEROSIS_ALS" 0.402016129032258 0.4465483234714 0.504815409309791 0.57081038552321 0.640631163708087 0.717523269931202 0.797703879651623 0.875198728139905 0.923955870764381 0.968466692944423 0.970095693779904 0.94187898089172 0.912509897070467 0.875 0.82734693877551 0.779742765273312 0.738228252194733 0.693413173652695 0.660438667749797 0.566518398706025 0.547533092659446
"KEGG_HUNTINGTONS_DISEASE" 0.351896690879742 0.297491039426523 0.297777777777778 0.263055339049104 0.258634222919937 0.228456913827655 0.221414141414141 0.200163733115023 0.195880452342488 0.207331975560081 0.188724510195922 0.16844262295082 0.184103811841038 0.16144578313253 0.17349781138082 0.17477696674777 0.169796557120501 0.172926124638877 0.160793843661401 0.152025671881268 0.154244719011558
"KEGG_PRION_DISEASES" 0.734751203852327 0.779423538831065 0.804330392943063 0.822016874246685 0.847668810289389 0.882875605815832 0.891093117408907 0.870407751312071 0.848582995951417 0.819367588932806 0.781475541299118 0.757756563245823 0.7068 0.67462565762849 0.643251775848461 0.608507286333202 0.557798891528108 0.498590414820781 0.466827503015682 0.443433544303797 0.404819277108434
"KEGG_VIBRIO_CHOLERAE_INFECTION" 0.129449838187702 0.120176848874598 0.107910750507099 0.109197651663405 0.116035455278002 0.114319157237612 0.110011871784725 0.110047846889952 0.108946322067594 0.118097541313986 0.109054325955734 0.0949316170555109 0.0869565217391304 0.0939788445890968 0.0960715674834695 0.0925324675324675 0.0822459470146303 0.0819085487077535 0.0652699435938759 0.0744167337087691 0.0589631974673526
"KEGG_EPITHELIAL_CELL_SIGNALING_IN_HELICOBACTER_PYLORI_INFECTION" 0.694745286803049 0.629703763010408 0.585870889159562 0.533173461231015 0.495445544554455 0.466951788491446 0.430855315747402 0.376953125 0.35871743486974 0.332268370607029 0.3151073309032 0.28280358598207 0.270508203281313 0.246958637469586 0.23938679245283 0.222804190169218 0.209746588693957 0.191726332537788 0.171692802573382 0.187753446877534 0.1825809029165
"KEGG_LEISHMANIA_INFECTION" 0.303964757709251 0.286631874749097 0.287449392712551 0.266479099678457 0.257064364207221 0.259405940594059 0.23611666000799 0.240978348035285 0.233333333333333 0.211824588880188 0.243564356435644 0.21677471636953 0.243843358901897 0.231722428748451 0.232539682539683 0.224448897795591 0.243464689816621 0.2389486260454 0.221908981071285 0.240174672489083 0.248114331083763
"KEGG_PATHWAYS_IN_CANCER" 0.551914725621792 0.63783570300158 0.735670103092783 0.814948041566747 0.898862713241267 0.883185125303153 0.822535211267606 0.762725450901804 0.690552441953563 0.627766599597586 0.563035019455253 0.519392243102759 0.483985765124555 0.439164276935682 0.409810126582278 0.354699174203696 0.340616465079984 0.304382790510655 0.298948220064725 0.281645569620253 0.263305322128852
"KEGG_COLORECTAL_CANCER" 0.25511432009627 0.231836734693878 0.213972055888224 0.176237623762376 0.173707066719305 0.160388821385176 0.143200962695548 0.134927066450567 0.125506072874494 0.120336943441637 0.120016109544905 0.0913480885311871 0.0984726688102894 0.0841625207296849 0.088871096877502 0.0736842105263158 0.0782232704402516 0.0588703261734288 0.0573870573870574 0.0575079872204473 0.0603864734299517
"KEGG_RENAL_CELL_CARCINOMA" 0.372492836676218 0.316066369890733 0.266029470330546 0.209493919183994 0.198641087130296 0.18546768366118 0.165130260521042 0.162520064205457 0.147815434871376 0.145077720207254 0.165533786485406 0.144768856447689 0.158787878787879 0.149795918367347 0.168503937007874 0.161523046092184 0.175078864353312 0.155885897950984 0.167815160113498 0.191791633780584 0.198717948717949
"KEGG_PANCREATIC_CANCER" 0.17998417721519 0.15943824865758 0.151980598221504 0.109300476947536 0.10258449304175 0.0981963927855711 0.080950463149416 0.0612327656123277 0.0681632653061224 0.0698795180722892 0.0737179487179487 0.0628548256285483 0.0609561752988048 0.056696795398521 0.0645792563600783 0.0596348884381339 0.0714849921011058 0.0558457211731619 0.0634984025559105 0.0693069306930693 0.0760825576689599
"KEGG_ENDOMETRIAL_CANCER" 0.531889290012034 0.461792647666254 0.407450523864959 0.318458417849899 0.273738577671832 0.256136183689628 0.219354838709677 0.201391731477691 0.201926936973103 0.172427652733119 0.177483974358974 0.148073836276083 0.143087464731963 0.140662894098626 0.155731225296443 0.151760420882234 0.161988773055333 0.159775190686471 0.147901137701059 0.17439556084027 0.177644710578842
"KEGG_GLIOMA" 0.855210819411297 0.873306772908367 0.921127911728647 0.916498588140379 0.848157051282051 0.839712918660287 0.804038004750594 0.768115942028985 0.696517412935323 0.664569406213134 0.642570281124498 0.592088998763906 0.556039603960396 0.535341365461847 0.521216973578863 0.520286396181384 0.492874109263658 0.475100401606426 0.471727955713721 0.466561139691334 0.4352
"KEGG_PROSTATE_CANCER" 0.295831647106435 0.271904566022213 0.269623233908948 0.21025641025641 0.208035003977725 0.222670431625656 0.206674708484117 0.180689102564103 0.199093157460841 0.191446842525979 0.205577689243028 0.182951347004423 0.195365561326408 0.205656565656566 0.211194918618499 0.20511811023622 0.227344365642238 0.226833199033038 0.230925324675325 0.254385964912281 0.252097483020376
"KEGG_THYROID_CANCER" 0.362983645791783 0.338461538461538 0.341736694677871 0.305825242718447 0.294485725459523 0.272978303747535 0.266262626262626 0.250406504065041 0.231331168831169 0.22859450726979 0.222889155662265 0.197048264858396 0.196515397082658 0.182778229082047 0.176073131955485 0.175170751305745 0.177361498605022 0.157703194500607 0.147142278070531 0.142634450506625 0.147613317288408
"KEGG_BASAL_CELL_CARCINOMA" 0.359430604982206 0.407575133799918 0.419484702093398 0.441199684293607 0.47372580007902 0.517145135566188 0.549682034976153 0.572577402492963 0.617834394904459 0.686953062848051 0.736842105263158 0.794736842105263 0.824122630092779 0.84906427990236 0.903724247226624 0.927490039840637 0.947096260938743 0.97250303275374 0.979773462783172 0.986497220015886 0.991556091676719
"KEGG_MELANOMA" 0.298873692679002 0.316510172143975 0.335950413223141 0.34044233807267 0.363016446048937 0.389615537059057 0.440223910435826 0.479775730877052 0.535077288941736 0.596428571428571 0.66158781074579 0.735399284862932 0.778675282714055 0.849304174950298 0.901268834258525 0.912408759124088 0.943752511048614 0.95079950799508 0.965130260521042 0.978887535525782 0.978859194256083
"KEGG_BLADDER_CANCER" 0.0621468926553672 0.0697299476017735 0.0692464358452139 0.0416502946954813 0.0503968253968254 0.0489236790606654 0.0498603909054647 0.0357860876558102 0.0397772474144789 0.0486637415237335 0.0372148859543818 0.0454545454545455 0.0402930402930403 0.0470685383980182 0.0505443234836703 0.0480225988700565 0.0490430622009569 0.0506893755068938 0.0531746031746032 0.0669607056936648 0.0625996810207337
"KEGG_CHRONIC_MYELOID_LEUKEMIA" 0.428804569563443 0.382857142857143 0.328025477707006 0.280031821797932 0.261278932914869 0.237540192926045 0.222981116914423 0.22479674796748 0.209424083769634 0.20752427184466 0.212350597609562 0.184715978749489 0.201786439301665 0.190048939641109 0.2172 0.203793381759483 0.220359281437126 0.164202956452257 0.145001975503753 0.154121863799283 0.134185303514377
"KEGG_ACUTE_MYELOID_LEUKEMIA" 0.399289099526066 0.450597609561753 0.471803018268467 0.518650793650794 0.581032412965186 0.649094567404427 0.724096863834855 0.826340326340326 0.88911704312115 0.863600317208565 0.850452577725305 0.801297648012976 0.779382270357 0.741138988450816 0.698120595144871 0.68057210965435 0.669166995657323 0.618351603735282 0.605436573311367 0.584802193497846 0.588211546225272
"KEGG_SMALL_CELL_LUNG_CANCER" 0.778 0.758847736625514 0.708967173738991 0.62286621675268 0.57345971563981 0.523316062176166 0.461447212336892 0.43991935483871 0.404358353510896 0.383716243450222 0.352134743439091 0.342276422764228 0.343523732904264 0.329093147312269 0.338949843260188 0.317838696861343 0.325310870437224 0.293789808917197 0.304662379421222 0.307570352754657 0.316108195397658
"KEGG_NON_SMALL_CELL_LUNG_CANCER" 0.439120188531029 0.407210159770586 0.393817743877961 0.32435691318328 0.306252489048188 0.283820662768031 0.275100401606426 0.257557436517533 0.238595074687122 0.233293317326931 0.2648 0.219144602851324 0.233822945613339 0.25329489291598 0.244295830055075 0.245908183632735 0.25 0.228571428571429 0.261167002012072 0.258283433133733 0.271782573940847
"KEGG_ASTHMA" 0.549877350776778 0.509039775010044 0.516693811074919 0.479840319361277 0.452146514375738 0.427957828973057 0.411976047904192 0.402634829147797 0.378422558234573 0.364282892137495 0.363453815261044 0.33184584178499 0.34010354440462 0.313248204309657 0.305358550039401 0.280925778132482 0.297500991669972 0.285258964143426 0.268734891216761 0.278174603174603 0.258304025009769
"KEGG_AUTOIMMUNE_THYROID_DISEASE" 0.972940226171244 0.951907790143084 0.925762439807384 0.902340597255851 0.865589278675601 0.837236533957845 0.784916201117318 0.774676375404531 0.735594605639559 0.700631911532385 0.673991210547343 0.649229521492295 0.620443740095087 0.586526825332795 0.594771241830065 0.558612440191388 0.542426645519429 0.520841603811036 0.489903069466882 0.499605678233438 0.459322693655119
"KEGG_ALLOGRAFT_REJECTION" 0.444049031237643 0.410812943962115 0.439822294022617 0.41970802919708 0.400630914826498 0.398377125193199 0.383785942492013 0.378540087754288 0.391215106732348 0.372213375796178 0.38731551655365 0.369354838709677 0.374252690314866 0.360795454545455 0.369791666666667 0.355095541401274 0.373370209403398 0.355232100708104 0.341035856573705 0.356777996070727 0.354838709677419
"KEGG_GRAFT_VERSUS_HOST_DISEASE" 0.477082502989239 0.456948338005607 0.470853858784893 0.441412520064205 0.42425431711146 0.405426661423516 0.410513643659711 0.411412609736632 0.406160164271047 0.392914012738854 0.401692183722804 0.364508393285372 0.388065678814577 0.364410214835833 0.362123613312203 0.363454618152739 0.375295043273013 0.346713892168438 0.342313787638669 0.349038084020416 0.342281879194631
"KEGG_VIRAL_MYOCARDITIS" 0.39960396039604 0.408500590318772 0.419944378228049 0.463500784929356 0.472300849171047 0.494933117146332 0.524157531465692 0.550256208119827 0.568673750491932 0.58048976314733 0.631137724550898 0.650136665365092 0.646754281162883 0.6048 0.617133576938693 0.583431952662722 0.574226400313357 0.531660692951015 0.53419147224457 0.534837688044339 0.516282764098491
