"V1" "V2" "V3" "V4" "V5" "V6" "V7" "V8" "V9" "V10" "V11" "V12" "V13" "V14" "V15" "V16" "V17" "V18" "V19" "V20" "V21"
"KEGG_N_GLYCAN_BIOSYNTHESIS" 0.500849231361979 0.510527625852369 0.519384757729119 0.526569014412905 0.53329137613348 0.538285542725408 0.543007991769384 0.547480311002486 0.551721860324327 0.555750051957801 0.559580589369282 0.563227671861178 0.565884263720566 0.568650536444049 0.569481597125816 0.569966392786819 0.570426917786327 0.570553692653589 0.569846130952627 0.569173156110547 0.568532292631025
"KEGG_OTHER_GLYCAN_DEGRADATION" 0.302837024724821 0.314255828470354 0.325352708115636 0.336141088171338 0.346633656963188 0.356842416413913 0.36651214835318 0.373529942449982 0.380306702657558 0.386854637186385 0.393185143484522 0.399308874443094 0.405235798218538 0.410975252378296 0.416535992988583 0.421926239187004 0.42531297478541 0.427951528835735 0.430494366967113 0.432946604666543 0.436350962226133
"KEGG_O_GLYCAN_BIOSYNTHESIS" 0.35010940430396 0.35974916984071 0.369296320737641 0.378752185315059 0.388118066612319 0.397007200943322 0.4048789334227 0.412640478454615 0.420294133542495 0.427166818127054 0.433269676865165 0.438083411313675 0.441315235561003 0.443703756678998 0.446020293091327 0.448268050676972 0.450450047732137 0.452569128492287 0.454627975501102 0.456785689861831 0.458354957530765
"KEGG_GLYCOSAMINOGLYCAN_DEGRADATION" -0.310774527115582 -0.306702361609236 -0.302644118716728 -0.2985997271584 -0.29456911614034 -0.289974098107346 -0.284784768322783 -0.279647774691762 -0.274562329444917 -0.269527660544069 -0.264543011291503 -0.259607639950831 -0.254720819379045 -0.249881836669371 -0.244372233697413 -0.238654907825864 -0.233028717724832 -0.227334145982724 0.220338868956958 0.221081967853238 0.22179626127504
"KEGG_GLYCEROLIPID_METABOLISM" -0.539505855779417 -0.5356486912952 -0.531730271423483 -0.527429112600234 -0.522292250433249 -0.516384063277665 -0.510409255970592 -0.50436669531949 -0.498255222284832 -0.492040821896183 -0.484070146638733 -0.475301527896689 -0.466335070888292 -0.45649249360785 -0.446632199062935 -0.436057412016202 -0.425376020841013 -0.414708335754364 -0.402670806423234 -0.390770070803819 -0.381451338313385
"KEGG_GLYCOSYLPHOSPHATIDYLINOSITOL_GPI_ANCHOR_BIOSYNTHESIS" 0.416281237705975 0.431551379344198 0.446354855449918 0.460712736466463 0.473374742851872 0.482044047130545 0.490357847430653 0.49833757174049 0.504446640523155 0.509530367020586 0.51439349914807 0.517140551433845 0.519459071182203 0.521671364252803 0.52378456756775 0.525805192720645 0.527739192996693 0.529592021954172 0.53136868478139 0.533073783447657 0.534711556505919
"KEGG_GLYCEROPHOSPHOLIPID_METABOLISM" -0.348600409199152 -0.342264100969754 -0.335560027529871 -0.328535584441207 -0.321084274939839 -0.313194221338558 -0.304989725181445 -0.296721181322004 -0.288387836847037 -0.279971940457894 -0.270625335275571 -0.261216840971394 -0.251766950241853 -0.241850067676265 -0.231904358872749 -0.221536289349365 -0.211144085879215 0.213405271949019 0.220035066486154 0.226034905174799 0.231326710051131
"KEGG_ETHER_LIPID_METABOLISM" -0.387695192577895 -0.380082185901134 -0.372372423842835 -0.36456405007854 -0.356655160491519 -0.349040162507778 -0.342307030141445 -0.335372850222571 -0.32751917697695 -0.320023735034751 -0.313480173366146 -0.306870911407631 -0.300194954676174 -0.293451288516089 -0.286638877584939 -0.279756665323634 -0.272803573410159 -0.26573227742259 -0.257834826400159 -0.249882497671107 0.246143353099022
"KEGG_ARACHIDONIC_ACID_METABOLISM" -0.496955367164471 -0.490142692545352 -0.482889189639032 -0.476427035177269 -0.470034260939164 -0.463548158661158 -0.456966669572743 -0.450168311146547 -0.442786823343377 -0.435308407781078 -0.427731142675965 -0.420053055102162 -0.411703985329843 -0.402661017547664 -0.393523809567789 -0.384297986866426 -0.37498225405349 -0.36557529036686 -0.355645336243645 -0.34540369710421 -0.334346821938395
"KEGG_LINOLEIC_ACID_METABOLISM" -0.609975406226647 -0.604663438369042 -0.599263614992151 -0.593773738335863 -0.588191536719234 -0.582514661406267 -0.576740683310844 -0.570867089531125 -0.564891279703009 -0.558810562161546 -0.552622149898399 -0.546323156302591 -0.539910590670871 -0.533381353473022 -0.526732231356363 -0.519959891872535 -0.513060877908382 -0.506031601801375 -0.49886833911854 -0.491567222076213 -0.483520087873935
"KEGG_ALPHA_LINOLENIC_ACID_METABOLISM" -0.468716001586833 -0.460972403041762 -0.453177128003251 -0.445329657448965 -0.437429465382695 -0.42947601871683 -0.421468777152447 -0.413407193056957 -0.405290711339257 -0.397118769322317 -0.388890796613146 -0.380606214970081 -0.372264438167319 -0.36386487185664 -0.355406913426241 -0.346889951856619 -0.338313367573427 -0.329676532297228 -0.321374343256854 -0.313708213358684 -0.305314965095021
"KEGG_SPHINGOLIPID_METABOLISM" 0.293349043344596 0.303214450444071 0.312938409344961 0.322523940477322 0.331973978882869 0.341291377211238 0.350356970468977 0.357853424245819 0.364315149467349 0.370631618125557 0.375966176525769 0.379577393989131 0.38307977844277 0.389149426644764 0.394336864907456 0.397964338055274 0.402558816887456 0.4067568884192 0.410792928555474 0.414676140487885 0.418415043384749
"KEGG_GLYCOSPHINGOLIPID_BIOSYNTHESIS_LACTO_AND_NEOLACTO_SERIES" -0.280866978980636 -0.277383584183428 -0.272978903167451 -0.268560129409408 -0.264152981789814 -0.259222265328018 -0.253966829360241 -0.248752433309606 -0.243578598322188 -0.238444852964895 0.248475363003874 0.259397878844268 0.270236733588488 0.280690882365914 0.290008619248691 0.298409056206704 0.306117150713114 0.313692341993323 0.321138037950624 0.328457530961848 0.335654002731607
"KEGG_GLYCOSPHINGOLIPID_BIOSYNTHESIS_GANGLIO_SERIES" -0.197622741816564 -0.193925320202891 -0.189573024249031 -0.184146735901072 -0.178224197807041 -0.17242125295899 -0.166734315162275 0.163113630562681 0.18072608666625 0.19613342244042 0.209316264158309 0.22208733021959 0.232519827558973 0.240808244587007 0.248755565581247 0.254257502562403 0.258049186637877 0.264589913854315 0.271304097405175 0.277703854385458 0.283810766448204
"KEGG_NICOTINATE_AND_NICOTINAMIDE_METABOLISM" -0.289048313542127 -0.276273314573336 -0.263135377049805 -0.249618811439161 -0.235707010660131 -0.230337610445106 -0.231220873483067 -0.232131148620366 -0.233069694231792 -0.234037848087887 -0.234410332269508 -0.232921499337539 -0.231387247815988 -0.229827852238822 -0.227825637311103 0.226094129292826 0.238357765462201 0.246541746611136 0.254090654984559 0.261459664056927 0.268359942068131
"KEGG_PANTOTHENATE_AND_COA_BIOSYNTHESIS" -0.281961033255463 -0.277958382998271 -0.273995807148598 -0.27007270686867 -0.266188495192936 -0.262342596735309 -0.258534447405018 -0.254763494130794 -0.251029194593093 -0.247331016964094 0.243922712866035 0.257156658512243 0.267664289746098 0.277880511571463 0.287817280728063 0.29748590865637 0.306897104451148 0.316061014429104 0.324941047186106 0.330823715388578 0.336509773766609
"KEGG_AMINOACYL_TRNA_BIOSYNTHESIS" 0.620385450208234 0.63054033692993 0.638517285620228 0.640902073775739 0.638538722058047 0.632820515451389 0.623128171673447 0.610623757860836 0.599179898862368 0.58866715818106 0.578976338880197 0.570014676419722 0.561702859710312 0.55397267753898 0.546765142378757 0.539853139050551 0.531048617084926 0.522834865292514 0.515154354064129 0.507956788643251 0.502908192661941
"KEGG_BASAL_TRANSCRIPTION_FACTORS" 0.267323414709987 0.286303816576266 0.302658789839607 0.318060935389848 0.332591162837503 0.346321473333918 0.359316152796108 0.371229594286255 0.381967300803263 0.394327439059328 0.404767514578954 0.413931187733218 0.422540590802328 0.428656881000508 0.43297166530727 0.436132698394803 0.439096502077233 0.441177828500741 0.441918295447451 0.442613611356713 0.443267783769934
"KEGG_SNARE_INTERACTIONS_IN_VESICULAR_TRANSPORT" -0.176465695382134 -0.160874473022831 -0.145252975886106 -0.130827102188097 0.137295042270022 0.147198999587965 0.167593205346148 0.186232286955701 0.201143800122619 0.214832799840862 0.226818499276043 0.238244299714719 0.248359532260394 0.257587916073295 0.266482270385747 0.273751017279831 0.280605388839951 0.288520137020079 0.296970048844255 0.305107609101633 0.312949822644894
"KEGG_LYSOSOME" 0.383726304423791 0.390639791592034 0.397399554351618 0.402169025882878 0.405851035732072 0.409162776037658 0.412732347524211 0.416701367136995 0.423505744599344 0.430102792793718 0.436184639015582 0.441531809272793 0.445940185893496 0.450048910832867 0.453418629417481 0.456508229199441 0.45911036839591 0.461331879998247 0.462826462690915 0.463383529172386 0.463761660867366
"KEGG_CARDIAC_MUSCLE_CONTRACTION" -0.410096337449645 -0.400430356909009 -0.390683605146306 -0.380982179959929 -0.37132576590133 -0.361651930027372 -0.351715130457083 -0.341837112989619 -0.332017357566352 -0.322169896940917 -0.312126714790862 -0.302155192995606 -0.292254567312639 -0.282213545216443 -0.272147955504004 -0.26238597299066 -0.255764239861789 -0.249460981363897 -0.242986178197239 -0.236565332698862 -0.230204615678329
"KEGG_RENIN_ANGIOTENSIN_SYSTEM" -0.565239337387934 -0.561152740765327 -0.557000966118742 -0.551152269592652 -0.543403479453937 -0.53480344319312 -0.526175653173255 -0.517519974828158 -0.508836272720297 -0.500124410533727 -0.491384251066961 -0.482615656225764 -0.47381848701588 -0.46499260353569 -0.456137864968793 -0.447254129576521 -0.438262003666473 -0.427528190129594 -0.4168294644298 -0.406165654799529 -0.395536590590542
"KEGG_TASTE_TRANSDUCTION" -0.453228997252877 -0.451340624851038 -0.448867237543201 -0.446172642418241 -0.443402794706861 -0.440554497372066 -0.437624369677865 -0.434462020426306 -0.43063671382445 -0.426387037798724 -0.42161587291147 -0.416242527427391 -0.410484228854792 -0.404413738658553 -0.397638531325887 -0.39071267617015 -0.383471974598404 -0.375290135591878 -0.366407279265088 -0.35544212081243 -0.344164450514923
"KEGG_PROXIMAL_TUBULE_BICARBONATE_RECLAMATION" -0.574297733739034 -0.56644849426283 -0.558602535866505 -0.550453546748804 -0.541371751008086 -0.532338588800827 -0.523353670517203 -0.514416610697934 -0.505527027979154 -0.495629349568888 -0.485704844526615 -0.475867073707541 -0.466114905050775 -0.456447226111068 -0.44686294363578 -0.437125944830754 -0.426697080120249 -0.416392084459985 -0.40620876399305 -0.399847444330282 -0.394976293012454
"KEGG_PATHOGENIC_ESCHERICHIA_COLI_INFECTION" 0.502249210034224 0.506121585579668 0.510283175288554 0.514318912631561 0.517676961058406 0.520618641873187 0.523466151692504 0.526223941270677 0.528896185240536 0.531486803199345 0.533268733916849 0.534141844479488 0.534231033906433 0.534277575246318 0.533395667205496 0.533136076117212 0.535488036259767 0.537754678945681 0.53994056381605 0.542049931289423 0.543581042844275
"KEGG_SYSTEMIC_LUPUS_ERYTHEMATOSUS" 0.296310233649693 0.305298288273081 0.313823755014295 0.322179074740259 0.329856921827955 0.337074541365343 0.344024057198971 0.350552394274714 0.356975070170227 0.363294629483725 0.369513535756653 0.375634174675702 0.381658857124239 0.387479533951304 0.392451152376301 0.397214158330246 0.401888202728049 0.406475754892742 0.410979193596533 0.415361274115191 0.419215413059446
"KEGG_PRIMARY_IMMUNODEFICIENCY" 0.284223580924988 0.303543111056958 0.321312586822677 0.338458721257833 0.355242681542594 0.371675822940856 0.387769030930065 0.403532745247335 0.418976982473568 0.434111357258227 0.448945102279295 0.463220461452932 0.474150723469599 0.484779135067893 0.493698113722097 0.502116327784814 0.510278461918415 0.518196025890202 0.525879849891614 0.532674606104536 0.537599873654717
"KEGG_HYPERTROPHIC_CARDIOMYOPATHY_HCM" -0.481488453901364 -0.477095895188215 -0.472527419161558 -0.467593030711601 -0.462478736807259 -0.456584860755266 -0.450104996344243 -0.443548074524616 -0.436941147412173 -0.430191253210063 -0.423966101998659 -0.41890979633999 -0.413826479606466 -0.408715934776347 -0.403577942496759 -0.398412281052301 -0.39321872633316 -0.387769670705435 -0.381706090715693 -0.375394740848717 -0.369565803713155
"KEGG_ARRHYTHMOGENIC_RIGHT_VENTRICULAR_CARDIOMYOPATHY_ARVC" -0.339934543427679 -0.332186365171674 -0.324264618892787 -0.315962359574589 -0.307252338495791 -0.297714326191934 -0.287994019323506 -0.278289412544193 -0.26860046784688 -0.259114097393057 -0.249161922045552 -0.239211423317026 -0.229308710930366 -0.219605925807019 -0.209866253961324 -0.199882977401182 0.193270914830277 0.201709138894585 0.209315442763094 0.216524458994846 0.223239575754039
"KEGG_DILATED_CARDIOMYOPATHY" -0.487666678730691 -0.482418517122526 -0.4770114443805 -0.471278188636762 -0.465412808264644 -0.458959628260538 -0.452299936380497 -0.445521539478321 -0.438426499562403 -0.431204469986307 -0.423396223553381 -0.417743651442169 -0.412787929070554 -0.408035030883205 -0.403261990437838 -0.398468679421563 -0.393654968429312 -0.388631916488703 -0.383101680618078 -0.377368961058958 -0.371383808753981
"KEGG_GLYCOLYSIS_GLUCONEOGENESIS" -0.481826865999546 -0.478859205020467 -0.475578086697903 -0.471597237197866 -0.466891166892994 -0.461877883830789 -0.456875648375898 -0.45188442405064 -0.446904174537748 -0.441846112243076 -0.436466525179927 -0.430781748445216 -0.424842887334706 -0.418683377033004 -0.412387723067201 -0.406141801866117 -0.39994502644931 -0.393796819037404 -0.387696610872504 -0.381643842042808 -0.375637961311287
"KEGG_CITRATE_CYCLE_TCA_CYCLE" -0.386123134746459 -0.380050296281517 -0.373316290177869 -0.365934490382162 -0.35855303247354 -0.351358872445406 -0.343162351097104 -0.334666482650382 -0.326457605783702 -0.318521420110235 -0.310141683734478 -0.301817558184407 -0.292692862273159 -0.283926147509048 -0.275534378692192 -0.267494005200109 -0.259389577691906 0.263116297442757 0.266916811353396 0.270556948312948 0.274046650116952
"KEGG_PENTOSE_PHOSPHATE_PATHWAY" 0.329339137119283 0.340263222144907 0.349787126298269 0.358225522980441 0.36526018574432 0.372068751709103 0.378661948734672 0.385494246125151 0.392514761570297 0.398948381748509 0.403960744698336 0.408802617112326 0.412276286127399 0.415277189630977 0.418167808725438 0.42095411320904 0.423641649648983 0.426235578234634 0.428740705845829 0.431161515782138 0.433502194539922
"KEGG_PENTOSE_AND_GLUCURONATE_INTERCONVERSIONS" -0.184100855894556 -0.169131229765232 -0.153526313426075 -0.137869826803081 0.13352518389964 0.147426414645638 0.161373814292163 0.175367613226688 0.189408043372118 0.203495338199597 0.216424154321253 0.228962230789831 0.241305937462019 0.252086573880849 0.262760808031614 0.270600145124604 0.277595452605268 0.28443484149308 0.291123467243441 0.300611665338633 0.309380849695752
"KEGG_FRUCTOSE_AND_MANNOSE_METABOLISM" 0.276375307984959 0.292198620848629 0.306299579823205 0.319166272649585 0.330477627559782 0.341407032789261 0.351973513034989 0.362194850149894 0.372087683002499 0.381304519839476 0.389037685986367 0.396501192464817 0.403708902335437 0.410673744411758 0.417407790656217 0.422648867646967 0.426844505094344 0.430077739883772 0.432291299066808 0.433901708953186 0.435446964150517
"KEGG_GALACTOSE_METABOLISM" -0.300613830513861 -0.296383939618895 -0.291154624467451 -0.285206281363769 -0.278295443059376 -0.273970529490843 -0.269824026508207 -0.265126985486779 -0.260080677896735 -0.254855173956329 -0.248999481678515 -0.24320733792605 0.249221331243871 0.254947642545051 0.260524203533647 0.264889017302556 0.268945520834238 0.272880404124891 0.276699055936805 0.280406551311276 0.284007674071213
"KEGG_ASCORBATE_AND_ALDARATE_METABOLISM" -0.278220219120824 -0.262466023311405 -0.245776691614974 -0.228114605219401 -0.208463467697855 -0.187151090793288 -0.16591702036132 -0.144760825619921 0.144385641400808 0.14942244329275 0.154440873841091 0.159441033374929 0.164423021494143 0.169386937075996 0.174332878281681 0.181988740203918 0.198770076092531 0.21836707898779 0.237755534842151 0.256432161981782 0.272793618316434
"KEGG_FATTY_ACID_METABOLISM" -0.619809824258335 -0.615137024591433 -0.610432582645851 -0.604872644159402 -0.597453791748509 -0.589251686455247 -0.581068094402328 -0.572902952980148 -0.567058406896453 -0.561282615617085 -0.555519802478502 -0.549281788231475 -0.542865558116775 -0.536477978778032 -0.530118858738716 -0.523788008224721 -0.517027926503166 -0.510119696052014 -0.503257090114701 -0.496439658197047 -0.489666955716294
"KEGG_STEROID_BIOSYNTHESIS" 0.456982818333582 0.457984666530796 0.458951773304983 0.459885914967097 0.46078874876155 0.461661822678111 0.462506584309259 0.463324388859595 0.464116506400534 0.464884128451963 0.465628373962606 0.466350294752215 0.467050880471257 0.467731063127289 0.469441139947929 0.475373247682072 0.481139826462072 0.486747709309569 0.492203358262172 0.49751288921351 0.502682094783795
"KEGG_PRIMARY_BILE_ACID_BIOSYNTHESIS" -0.456285833926905 -0.457041420309396 -0.455739124225539 -0.453357690552519 -0.449813413034318 -0.446167907290302 -0.440351701251676 -0.434488845995441 -0.428578778032721 -0.422620924762562 -0.416614704287004 -0.41055952522162 -0.404454786501407 -0.398299877181894 -0.392094176235318 -0.38476892067291 -0.376500821340847 -0.368232722008784 -0.35996462267672 -0.351573162089061 -0.340883454425181
"KEGG_STEROID_HORMONE_BIOSYNTHESIS" -0.579695782861067 -0.578152930271777 -0.576418459511369 -0.574402728590762 -0.571920723836222 -0.568794991831 -0.56535278960789 -0.56187011638792 -0.558035982896493 -0.553944544696536 -0.549810755213751 -0.545633953447354 -0.541413464569134 -0.53714859955998 -0.532838654834889 -0.528096867626228 -0.523176121972064 -0.518210757862917 -0.513200165673691 -0.508008375162307 -0.501885364951193
"KEGG_OXIDATIVE_PHOSPHORYLATION" 0.428289505400701 0.433910934897908 0.438960922700128 0.443561678076818 0.447590273023878 0.451332930736735 0.454472375903377 0.457155837056335 0.459523779716699 0.461778189664094 0.463927040851367 0.46564757649991 0.46672927095493 0.467761188822345 0.470825900212339 0.473905259673025 0.476848774692057 0.479665240341276 0.48236270849759 0.484948564720086 0.487429595777834
"KEGG_PURINE_METABOLISM" -0.187613163932629 -0.182450635836618 -0.176889990624049 0.181073769747124 0.187532859828651 0.193790281940362 0.199885235849299 0.205486871694964 0.217383988389915 0.228942181075195 0.239963875380114 0.250560862551914 0.260470015866184 0.269583442819655 0.277819746208237 0.28566509059235 0.293252161867697 0.299647383774704 0.305181354865821 0.310330819830073 0.314867647477567
"KEGG_PYRIMIDINE_METABOLISM" 0.4109986347612 0.423938564502114 0.434731711105016 0.443676894282359 0.450723756691854 0.457016724754514 0.463040456740121 0.468239868095462 0.473245151093901 0.479534560509468 0.484902900453862 0.489958024369653 0.494504415485994 0.497845955088604 0.500023695236137 0.502011821835185 0.503349446428471 0.503082913259844 0.502139549772135 0.50124045241157 0.500382576905217
"KEGG_ALANINE_ASPARTATE_AND_GLUTAMATE_METABOLISM" -0.29036239373406 -0.285006535897412 -0.279004188094259 -0.272571315075846 -0.265660810562059 -0.258094801357752 -0.252017615193281 -0.245877577979429 -0.239271625765692 0.232631986690201 0.236001003638514 0.239277228800163 0.242464443701456 0.245335227429405 0.247386792982254 0.249159024929166 0.250147252310047 0.250281365396182 0.250307165327925 0.250332030924214 0.250356012037303
"KEGG_GLYCINE_SERINE_AND_THREONINE_METABOLISM" -0.505897649657453 -0.499816532884706 -0.493704226444047 -0.487560489763751 -0.480618261890869 -0.473401511210698 -0.465452323919999 -0.456328592399255 -0.447171652784937 -0.438061527592961 -0.428240349492195 -0.418331270135342 -0.408499143100294 -0.397634004538538 -0.386322109350155 -0.375177955484662 -0.364197839309703 -0.35337816542844 -0.342715442754364 -0.332206280755697 -0.321331040395315
"KEGG_CYSTEINE_AND_METHIONINE_METABOLISM" 0.291506505425407 0.300053556339654 0.308529618656006 0.316935573123863 0.327120550102192 0.337244633886159 0.346476250991578 0.353634728596916 0.360054980998151 0.365190235911459 0.369112416546412 0.372928960765536 0.374866098865774 0.376326057546441 0.37773792299449 0.379104033098162 0.379551039471676 0.3798261786204 0.380091915627492 0.38034872433621 0.380597047275258
"KEGG_VALINE_LEUCINE_AND_ISOLEUCINE_DEGRADATION" 0.195411285830636 0.201799392171209 0.209183669377732 0.215543931866411 0.231170448854623 0.245850055131296 0.260113825535182 0.276257093400343 0.29076139549852 0.304745586773881 0.318237150501722 0.330214198514286 0.3410908333264 0.348284676453484 0.354271547363289 0.359980383242776 0.364452092421457 0.368313156861725 0.37199402372853 0.375507020214 0.378863374185297
"KEGG_LYSINE_DEGRADATION" -0.195404237950124 -0.191115784735967 -0.185740994644205 0.184966375958689 0.196729802120759 0.208774342948905 0.220260406148022 0.231225954575831 0.241705586593394 0.251474577042333 0.259543622725556 0.268873662678434 0.281954018795336 0.294240356417397 0.305893724895482 0.316961809969863 0.326270499287492 0.334634984063544 0.341606404157336 0.346318988880871 0.35042261329443
"KEGG_ARGININE_AND_PROLINE_METABOLISM" 0.216728506424788 0.222981042458308 0.229210145369106 0.235054031118107 0.240240591772154 0.245026049035063 0.249530279567672 0.253754415099335 0.257499860856231 0.260742449765997 0.267747641186714 0.275128761069223 0.282364086921806 0.289301545946757 0.295594670497417 0.30160297623341 0.30667288021418 0.311260719556783 0.31573418292596 0.320097494795227 0.324354674127196
"KEGG_HISTIDINE_METABOLISM" -0.415382669130516 -0.411525278415504 -0.409110066646829 -0.406159106461059 -0.401987610056994 -0.395661797156554 -0.388941556944561 -0.382069384653521 -0.373887816179631 -0.365650595767098 -0.357357153652112 -0.349006912266579 -0.340599286104048 -0.33213368158285 -0.3236094969064 -0.315026121920595 -0.306382937968221 -0.297679317740314 -0.288914625124387 -0.279907498123452 -0.269905186236724
"KEGG_TYROSINE_METABOLISM" -0.59816118402282 -0.594249483828648 -0.590308641610953 -0.586338330491605 -0.582338218685456 -0.578307969407915 -0.574579117240487 -0.571176491731274 -0.567747937277267 -0.56429315636634 -0.560811846917296 -0.557303702191827 -0.553768410704409 -0.550205656130115 -0.546615117210263 -0.542996467655844 -0.539349376048686 -0.535673505740265 -0.531968514748115 -0.527993742391249 -0.523690546509154
"KEGG_PHENYLALANINE_METABOLISM" -0.499491426449132 -0.493014334238274 -0.486472195776905 -0.479864026278925 -0.472028605092598 -0.46359202053902 -0.455112499910058 -0.446589714599463 -0.438914495657505 -0.431486413908468 -0.424209279398782 -0.417875637882904 -0.411509262973773 -0.405109900255901 -0.39867729267041 -0.392211180480611 -0.385711301237041 -0.379177389741958 -0.372609178013271 -0.366006395247904 -0.359368767784572
"KEGG_TRYPTOPHAN_METABOLISM" -0.327626270240289 -0.32458912757036 -0.321534855222208 -0.318256353894123 -0.313791860627139 -0.308422147734186 -0.303082603478431 -0.297318019121757 -0.291509943146306 -0.285750214540739 -0.280038232130127 -0.274018247518535 -0.267451429056379 -0.260943764880922 -0.254523753381564 0.250214753159046 0.250954644814922 0.2516847681194 0.252405315252498 0.253116473385881 0.253818424844951
"KEGG_BETA_ALANINE_METABOLISM" -0.391521076511615 -0.386724110380457 -0.381895936589567 -0.376448292900745 -0.369580769148835 -0.361468351779999 -0.353408443149411 -0.345400535096584 -0.337444125997004 -0.329538720657384 -0.321683830212927 -0.313878972026549 -0.30612366959003 -0.298417452427028 -0.290759855997945 -0.283150421606574 -0.275588696308512 -0.268031369863544 -0.261278748664293 -0.254609267566027 -0.24770348820017
"KEGG_SELENOAMINO_ACID_METABOLISM" 0.355036558296878 0.366283816647442 0.377270421284435 0.388005329340303 0.39849709219016 0.408753878170466 0.417182851757073 0.422732527561957 0.427912952578883 0.432912585309991 0.437740727678915 0.442406054245785 0.443231545172872 0.443548661817385 0.44385178687621 0.444141826351927 0.444419609677516 0.444769955148051 0.449223915394014 0.453186627515195 0.454903812606791
"KEGG_GLUTATHIONE_METABOLISM" -0.223954215481911 -0.217348702223487 -0.210775913103887 -0.204235605547735 0.211763498479749 0.222344023341254 0.23137959867137 0.23997501494964 0.247994421700568 0.255898610555062 0.263690046872388 0.271371126173675 0.278944176597476 0.286411461252441 0.293775180472105 0.3010374739765 0.308011496911669 0.314147496788402 0.319643985610843 0.324513133572459 0.328791576428477
"KEGG_STARCH_AND_SUCROSE_METABOLISM" -0.396329694022403 -0.390123304957484 -0.387555484975243 -0.384956876082853 -0.382326921188458 -0.379665049678681 -0.376970677005896 -0.374243204260267 -0.371482017725928 -0.368686488420606 -0.365855971617949 -0.362531330425205 -0.357568694827257 -0.351898046439139 -0.346227398051022 -0.340165122683199 -0.333979848839181 -0.327810110000329 -0.321655847713201 -0.315419508520269 -0.308812598430598
"KEGG_AMINO_SUGAR_AND_NUCLEOTIDE_SUGAR_METABOLISM" 0.343801134997706 0.354069602034229 0.364034518300382 0.373284243347044 0.381517033371608 0.390627517196369 0.403132136172032 0.413171716850937 0.422281823926918 0.431051161352231 0.439386573288658 0.446169179404541 0.451524756689893 0.454941533470822 0.457138994984608 0.459235390465901 0.461237535551563 0.463151646512677 0.464234378475569 0.464840404029096 0.465419749259679
"KEGG_GLYCOSAMINOGLYCAN_BIOSYNTHESIS_CHONDROITIN_SULFATE" -0.165211869402807 -0.15930818198215 0.170599761618015 0.184375032266213 0.198150302914412 0.211488360390137 0.223490141671228 0.235398281043243 0.24621738706527 0.25606604133948 0.264699309211352 0.272360803175338 0.279444969501525 0.28489487269973 0.290187187927217 0.295328652929161 0.300325626747479 0.305184115958994 0.313615743900828 0.322741205475758 0.329810662653367
"KEGG_GLYCOSAMINOGLYCAN_BIOSYNTHESIS_HEPARAN_SULFATE" 0.236362563734833 0.251008944160331 0.273732569345667 0.296975239151687 0.319847197633009 0.341486237892404 0.360029638779725 0.374937717010384 0.385420701324631 0.395234539290196 0.40311549992605 0.409516414678912 0.415611900289537 0.421423308353275 0.426970045620545 0.432269790503351 0.437338681289054 0.44214575860808 0.444472816025143 0.446691769880172 0.447116412663218
"KEGG_INOSITOL_PHOSPHATE_METABOLISM" -0.261759804619768 -0.245770691606377 -0.230637336271927 -0.21971002110853 -0.20865014972775 -0.196449248533453 -0.182793682428821 -0.168637858374852 -0.154492877510251 -0.150762175996636 -0.147345414551435 -0.143923548744563 -0.140561364931008 -0.136984575628649 -0.133444763090467 0.145222100293961 0.160335168576674 0.173873327784856 0.184477529398781 0.192593397247978 0.200082459587186
"KEGG_PYRUVATE_METABOLISM" -0.365868246583354 -0.362297180611551 -0.358696943293935 -0.354093140015845 -0.347886400145455 -0.341623893887226 -0.336517798534127 -0.331424575520767 -0.325706327489776 -0.320034131776498 -0.314028661482811 -0.307829979220811 -0.30170006887744 -0.294768557120231 -0.287632216239035 -0.280137040108843 -0.272709020761475 -0.265427144107773 -0.258287139231455 -0.25128490003004 -0.244416477340647
"KEGG_GLYOXYLATE_AND_DICARBOXYLATE_METABOLISM" -0.2372493515334 -0.219471561695964 -0.208438270931566 -0.197730706096618 -0.187334652838985 0.181264723590882 0.201871654903431 0.221904143793815 0.241385879959142 0.260339268159367 0.27878551417104 0.29674470393245 0.3142358765012 0.331277091381314 0.347885490720386 0.364077356827083 0.379868165414678 0.392231346469712 0.403559680843145 0.414514301235194 0.425113400414281
"KEGG_PROPANOATE_METABOLISM" 0.163760331431215 0.174734827201127 0.184927010715767 0.194703117309584 0.202536274737295 0.209227359395994 0.215779649802715 0.221907350831502 0.227072897913944 0.232105700175033 0.235958449666879 0.239634404282805 0.243200079863082 0.249770731429616 0.25865854685172 0.267246764021103 0.27555028052704 0.283583022348757 0.291358021794287 0.298887488055442 0.305645695363812
"KEGG_BUTANOATE_METABOLISM" -0.43417981989145 -0.427692872441933 -0.420867342784859 -0.41120979696825 -0.399021317808593 -0.385787517138378 -0.372718833424396 -0.359812195600945 -0.347064608292769 -0.334473149497473 -0.322034968352579 -0.309011192367871 -0.295882098501967 -0.282415240464496 -0.270010386111451 -0.257846126317431 -0.24591552874219 -0.233507457176708 -0.22128698164462 -0.210145347262375 -0.199613180718662
"KEGG_ONE_CARBON_POOL_BY_FOLATE" -0.397002894878981 -0.391299871484292 -0.385615454531552 -0.379949553112178 -0.374017162419627 -0.366898578753706 -0.359848730402578 -0.352866626612228 -0.345951295578622 -0.339101783996803 -0.332317156622789 -0.325596495847872 -0.318090141333963 -0.309881813497917 -0.300969476098769 -0.291624304452449 -0.281981006651109 0.285428083728944 0.288959196675424 0.292379810071495 0.29569503082557
"KEGG_RETINOL_METABOLISM" -0.611131345406115 -0.609592966368798 -0.607859080482544 -0.606092677631463 -0.604292834431651 -0.602075498391065 -0.599668716045061 -0.596915098657093 -0.596003690033366 -0.595078010166977 -0.594137721214652 -0.592810410868879 -0.59137771471727 -0.589923915063267 -0.588448542167848 -0.586605390477364 -0.584615490101555 -0.582598319234175 -0.580553313416767 -0.578193964736376 -0.575143090343861
"KEGG_PORPHYRIN_AND_CHLOROPHYLL_METABOLISM" -0.176531121284924 -0.158000647526333 -0.138674379161426 0.126971180880973 0.139016246702138 0.150205451615034 0.160753409692819 0.170769354494657 0.179781415445234 0.191974733466835 0.204523645583648 0.216682409527858 0.228468941467236 0.239900077126312 0.250991652022526 0.263146611408753 0.275346634208097 0.287152347984211 0.298582565036287 0.309421234002481 0.319376165156087
"KEGG_TERPENOID_BACKBONE_BIOSYNTHESIS" 0.531169335264411 0.542217629802438 0.552801225961106 0.562948838136818 0.568663888977196 0.573473590391615 0.57536016188749 0.571150875096789 0.5672195098624 0.563539420832291 0.560087263289093 0.556842497428102 0.553786979372786 0.55090462172343 0.548181110227076 0.545603666034112 0.543160845207826 0.54084236885007 0.538638978523906 0.536542312684716 0.534544800642472
"KEGG_NITROGEN_METABOLISM" -0.552306835052877 -0.551620409436202 -0.55092448418465 -0.550218860722013 -0.54950333489865 -0.548777696794567 -0.547150554175512 -0.544856087427319 -0.54160388368085 -0.537220403843211 -0.532708476210287 -0.528187287120897 -0.523656808029805 -0.519117010274342 -0.514567865073809 -0.509741817172429 -0.504008292096797 -0.498044681969169 -0.491201533824572 -0.484400315913166 -0.477640644031401
"KEGG_METABOLISM_OF_XENOBIOTICS_BY_CYTOCHROME_P450" -0.57855397202643 -0.578599927879108 -0.57816614722027 -0.577724774954615 -0.577149368848292 -0.576286881365254 -0.574349503380817 -0.572226882527344 -0.570075996207165 -0.567896276048612 -0.565687138338502 -0.563447983501 -0.561178195555087 -0.558877141549615 -0.556544170974846 -0.553868599564211 -0.550921876267318 -0.547647218594736 -0.544184881569428 -0.540331626208071 -0.536103589676589
"KEGG_DRUG_METABOLISM_CYTOCHROME_P450" -0.566669819371662 -0.566317526761639 -0.565814971339737 -0.565301244067573 -0.564775968231165 -0.564238749986975 -0.562382949111251 -0.559939408968816 -0.557450763210232 -0.554915751285778 -0.552334233958904 -0.549934309013838 -0.547183459069399 -0.544211741889597 -0.543084013079754 -0.541831073527504 -0.540315522902201 -0.538476183613688 -0.536453352968128 -0.534035042995329 -0.53123303206574
"KEGG_DRUG_METABOLISM_OTHER_ENZYMES" -0.307261157514581 -0.299431792385431 -0.291306633410508 -0.282864443454929 -0.276020281371095 -0.273058342938575 -0.269867517003699 -0.266673099438219 -0.263475084174549 -0.260273465131427 -0.257068236213879 -0.253859391313178 -0.250646924306807 -0.247430829058417 -0.244211099417793 -0.240740422150142 -0.237124766694473 -0.233080412581642 -0.228904210896257 -0.224689745990746 -0.220254682454393
"KEGG_BIOSYNTHESIS_OF_UNSATURATED_FATTY_ACIDS" 0.609995786083251 0.611047757856754 0.612061594008045 0.611210856378504 0.609164802900424 0.607205714906947 0.605328163206105 0.603527161313955 0.601798121231881 0.600136814421011 0.596535758552734 0.588530247027473 0.579953836643776 0.574386339229293 0.569379751064572 0.563380953595758 0.557729131970908 0.552395028250212 0.547352584040351 0.542578514769359 0.53718605531355
"KEGG_ABC_TRANSPORTERS" -0.506855825703432 -0.505119326344551 -0.503357445039421 -0.50156962118931 -0.499426891561314 -0.496602115022798 -0.493429951411437 -0.490223635511254 -0.486982612799351 -0.483205616336635 -0.477969910067608 -0.472703181718772 -0.467183167603575 -0.461244350023255 -0.455292508071305 -0.449244065355804 -0.441929654024355 -0.434157787743447 -0.426419848944283 -0.418515228297039 -0.410281653728478
"KEGG_RIBOSOME" 0.366894968870311 0.384178688836111 0.398562440544833 0.411173981287273 0.423023752181535 0.433942498403768 0.442310538397406 0.448004504070216 0.452414463175898 0.45459326626602 0.454387548554961 0.454005591498505 0.453649330955814 0.453316258180942 0.453004180706417 0.452711174024462 0.452435541863742 0.451672900628321 0.450535890485734 0.448773012444294 0.446845082579028
"KEGG_RNA_DEGRADATION" 0.482297107106229 0.493831231553575 0.500395282453364 0.501493672158937 0.50038548732656 0.499488932322112 0.501441667613304 0.502450805749404 0.50242640802891 0.500966690193058 0.50450850618396 0.506765904278304 0.508865591968551 0.509625647859773 0.510026740438814 0.510401397934101 0.509824245061332 0.507809605835453 0.504386637659449 0.501187122965358 0.49818987260118
"KEGG_RNA_POLYMERASE" 0.498112653700604 0.514665678622313 0.525240752274071 0.532668980788271 0.536173705737698 0.539033931081815 0.541671081612237 0.54411027493256 0.546372994160953 0.545855956523794 0.542339208689379 0.538713442329914 0.53535695945306 0.53013894478062 0.52482241807166 0.519887789471116 0.515295336743752 0.511160295530911 0.507939348808746 0.50492070605555 0.502085887885485
"KEGG_DNA_REPLICATION" 0.613033555611469 0.611557973238488 0.610164731053678 0.607963862758405 0.605314387817792 0.60413174852808 0.60342333712077 0.603102799736605 0.602798460895776 0.602509122955835 0.602233703498528 0.60197122179823 0.601720787153542 0.601481588789477 0.601252887088993 0.6010340059541 0.6011062902924 0.601064925059515 0.600015943304502 0.599010920794563 0.598047150968188
"KEGG_SPLICEOSOME" 0.413574672597156 0.425653690674083 0.435741843201682 0.446769048372668 0.455510632805078 0.462011664764783 0.468165529691633 0.473344082550518 0.47775010198156 0.481822496815229 0.484353237869864 0.485137113430786 0.483844523544246 0.482301560309528 0.48051333105953 0.478799788621479 0.476260071150804 0.473809903598748 0.471485727981231 0.468839861383945 0.466066187880863
"KEGG_PROTEASOME" 0.643512716910918 0.643831127937462 0.644127467097284 0.644403952504494 0.644662514693887 0.644904841763703 0.645132416273689 0.645346545603312 0.645548387083637 0.645738968923292 0.645919207727424 0.646089923239704 0.645653781231646 0.644624060247238 0.643647302060279 0.642719522976984 0.641753530316081 0.639838801315284 0.638017715822171 0.636944237985085 0.635943862173234
"KEGG_PROTEIN_EXPORT" 0.61140127343234 0.615468556070821 0.619261256409678 0.622806272100038 0.626127098743909 0.626831157426528 0.62737512313627 0.628892877761527 0.630316003541851 0.631653082799829 0.632911690485687 0.6340985377674 0.635219591740895 0.634722263841873 0.630390528174562 0.626138925703089 0.622142066625766 0.618377721696301 0.614826174903657 0.611469878052813 0.608293160790779
"KEGG_PPAR_SIGNALING_PATHWAY" -0.522854030087254 -0.520979120962842 -0.51908077152429 -0.516962596250814 -0.514683572810264 -0.512371191703688 -0.50970597413429 -0.506900852837764 -0.503442957983328 -0.499695440571903 -0.495920381118989 -0.492117474878106 -0.488286412590192 -0.48416344916916 -0.479761099473962 -0.475024924602773 -0.47011743405448 -0.465190135484808 -0.460242908725066 -0.45527563263256 -0.450288185080708
"KEGG_BASE_EXCISION_REPAIR" 0.515159515814792 0.517050347168299 0.519107240731378 0.518697577450315 0.517544645337287 0.516442664920773 0.516822187160238 0.519188710937695 0.521448317594011 0.523608092679323 0.525674509182844 0.527653492328922 0.529360959998205 0.529654577935536 0.528636666439102 0.527475846992264 0.526366570479001 0.525305478529588 0.524289498332855 0.523315812917025 0.522381835066433
"KEGG_NUCLEOTIDE_EXCISION_REPAIR" 0.45113173377371 0.457949629970317 0.463888495928709 0.473480086459965 0.481827211206424 0.489698273338704 0.497132870671548 0.503864837300285 0.508924598848752 0.513562206622257 0.517083953976469 0.520411877227328 0.523561548902734 0.526546916837701 0.528304400143866 0.529554414145348 0.529482818209623 0.529107113089118 0.52778230996613 0.52652728224066 0.525336658905541
"KEGG_MISMATCH_REPAIR" 0.573353360271029 0.576221178236609 0.57893577024956 0.581509096953391 0.583951905714981 0.588430368168927 0.593105401737486 0.597560083941261 0.601809635031265 0.605867905068778 0.609747524719237 0.613460036560575 0.617016009781656 0.620425140671446 0.622184713521651 0.6233787208902 0.624521698151502 0.625616848287067 0.626667111718452 0.627675192670719 0.628643582421864
"KEGG_HOMOLOGOUS_RECOMBINATION" 0.531154686049397 0.530426924705635 0.529725279137122 0.52904836837191 0.528394907117185 0.527763697614061 0.528119822454449 0.532479292463854 0.536697527248688 0.540781280870168 0.54473688349534 0.548570274138583 0.55228703041454 0.555892395615963 0.559391303392944 0.562788400277791 0.566088066271835 0.569294433685938 0.572411404405135 0.57544266572906 0.578391704923368
"KEGG_MAPK_SIGNALING_PATHWAY" -0.301750550520937 -0.293004136549524 -0.283812363987123 -0.274233552628123 -0.263835948361397 -0.253361427160085 -0.244628141909662 -0.235430178508671 -0.225894101337668 -0.216018043924191 -0.20567730408024 -0.195557250362436 -0.185551005378583 -0.17549280796016 -0.165538993639835 -0.155657343039998 0.156945200234855 0.160955080883205 0.164770133659286 0.168528505361387 0.172040510106945
"KEGG_ERBB_SIGNALING_PATHWAY" -0.210842137590004 -0.203153307468258 -0.194285242790341 -0.185080804585746 -0.174759873697411 -0.16285337917916 -0.150021350749356 0.153242811213088 0.16057029559935 0.167481954253844 0.173784787805152 0.179966291601688 0.186029935647307 0.192140674715798 0.19803602622489 0.202952582256375 0.207243881428911 0.21141248182532 0.215218383820194 0.220209372535828 0.231193985526901
"KEGG_CALCIUM_SIGNALING_PATHWAY" -0.444991051099437 -0.438467480717813 -0.431867079132076 -0.425309414780149 -0.418501710687983 -0.410841414944425 -0.402531244616357 -0.394004129358011 -0.384766954579963 -0.374834294025769 -0.364207692916365 -0.353021454628297 -0.34356413973009 -0.334468638029142 -0.324816553460618 -0.314897685515471 -0.304774700426596 -0.294352541276642 -0.283901857360869 -0.275322070942642 -0.266664758267078
"KEGG_CYTOKINE_CYTOKINE_RECEPTOR_INTERACTION" -0.281763630783644 -0.276838705612746 -0.271856617977417 -0.267589602763723 -0.263070867206369 -0.258251361909567 -0.253272048915425 0.254721713788629 0.260344282262734 0.265914729677881 0.271345998868845 0.276756418519605 0.282123000982418 0.287412458113526 0.292646478968119 0.297787356974963 0.30285873951909 0.307691505832038 0.312312923780579 0.316751809895854 0.320875085278452
"KEGG_CHEMOKINE_SIGNALING_PATHWAY" 0.239632880523635 0.2474207559767 0.255115335148312 0.262781501357832 0.27063778913222 0.278519770722696 0.28585396004077 0.292621403689771 0.299048532901549 0.305067513661335 0.310377109221012 0.315700300979762 0.320968877566531 0.326279210036413 0.331498107576869 0.336556117546734 0.341436698154614 0.345933192402878 0.349928847112148 0.353474376227096 0.356826162096434
"KEGG_PHOSPHATIDYLINOSITOL_SIGNALING_SYSTEM" -0.269927922955977 -0.257129134503557 -0.243484941495696 -0.229233495327627 -0.222023233186316 -0.213951518082919 -0.204593037363115 -0.194913384592469 -0.185081080014158 -0.174968715821432 -0.163130648176705 -0.151252232447852 -0.139460082168944 -0.126870850303181 -0.11560157477935 0.12718497136598 0.137980161188362 0.146437052866273 0.152276524792476 0.156667815460967 0.160754128750642
"KEGG_NEUROACTIVE_LIGAND_RECEPTOR_INTERACTION" -0.450706593932131 -0.447535179269689 -0.444210711445022 -0.441440551590142 -0.439293328418739 -0.436832431148353 -0.433946279804655 -0.430666395047022 -0.427138714637122 -0.423096968434003 -0.418694357695036 -0.413915162501347 -0.408632186054686 -0.402929183755153 -0.396943553387216 -0.391613317235179 -0.386117956532567 -0.380282477154872 -0.373952928098613 -0.36728924308941 -0.360477713138292
"KEGG_CELL_CYCLE" 0.587050912982101 0.591186479345732 0.595097087927764 0.598647356151183 0.601477808340753 0.60371026131866 0.605119097961318 0.605842826598607 0.606270596274432 0.606602447871311 0.606769967869514 0.606474563829697 0.606188175757371 0.605910397094961 0.605567875717059 0.604862960741919 0.604052723906452 0.603144770820021 0.601838326337888 0.600370287804025 0.598435185924497
"KEGG_OOCYTE_MEIOSIS" 0.374104908587056 0.375578337440326 0.379513705873079 0.383357108801766 0.386564325796405 0.389508528145498 0.392507636106135 0.395153440996053 0.397525480591134 0.399725683867113 0.401726709581896 0.40369900965985 0.407784670773719 0.411779467994813 0.415288987744247 0.418301708388919 0.42135838970518 0.424281705371359 0.427134217659077 0.429891427765314 0.432320828876483
"KEGG_P53_SIGNALING_PATHWAY" 0.422314101893363 0.427099946230756 0.431412113008536 0.43565967887379 0.439844084720537 0.443563683581661 0.447058044497783 0.449998967742321 0.45230407950488 0.454515503901642 0.456552927766603 0.459010003061403 0.460547475732353 0.461760389548218 0.462944011209086 0.463809007511191 0.464276463511937 0.464163590794771 0.463316621407733 0.462097913909063 0.460916201606378
"KEGG_UBIQUITIN_MEDIATED_PROTEOLYSIS" 0.366812602879431 0.374807045758038 0.381407620899139 0.388936423790954 0.394915713633639 0.400158582116228 0.404191421290241 0.407282363390736 0.411950065936618 0.419577236900376 0.426264000660865 0.431498352664722 0.43548910570149 0.439100786657978 0.442065714118358 0.443802475669944 0.444601063116927 0.446222561250899 0.448021092548141 0.449060061102028 0.449335984396375
"KEGG_REGULATION_OF_AUTOPHAGY" -0.410682481539581 -0.398570690581418 -0.384946062427898 -0.369438569111399 -0.350424751434039 -0.329945942776461 -0.309243887768042 -0.288314915877091 -0.267155275662508 -0.245761132532074 -0.224128566425797 -0.202253569421367 -0.180132043258665 -0.16100811816214 -0.145251794779225 -0.135872035865354 -0.134157532487109 -0.132433163925139 -0.130698844787967 0.138686957582495 0.156386844790719
"KEGG_ENDOCYTOSIS" 0.233939521356993 0.241783047988918 0.248682697094628 0.255074137054407 0.263269105272177 0.272274465197516 0.280635606276765 0.289019493029786 0.297949200592171 0.306240328817077 0.313013490851269 0.319236080088585 0.325067453690901 0.330281226365877 0.335006328055582 0.33868796523607 0.342087185493896 0.345358197365817 0.348314133232031 0.350755079503084 0.352935553469855
"KEGG_PEROXISOME" 0.232171502431853 0.24943096694357 0.264161688140464 0.277561073038939 0.28880147162363 0.299168339831815 0.308744838010973 0.318571948893295 0.326474345321934 0.334139148021772 0.34085129272765 0.347130199854927 0.351330320522091 0.354281157899851 0.357031526713207 0.359282429993785 0.360986488999618 0.362075771156812 0.363112504919115 0.36410040323271 0.364637167501784
"KEGG_MTOR_SIGNALING_PATHWAY" -0.209758699501527 -0.19550738269839 -0.181060836596264 -0.165550267337687 -0.148710002055991 -0.138675981919779 -0.128319047714623 -0.117115577790112 0.111474425297573 0.11835719087005 0.127688018712896 0.141995513250775 0.155182497325671 0.167883051377286 0.180285649190271 0.192400654323272 0.203244805841932 0.212360052623072 0.219121412552644 0.224685157489811 0.232140515383429
"KEGG_APOPTOSIS" 0.149645974770103 0.154984733090457 0.164439356547623 0.177765808763102 0.190859128865055 0.203148102188408 0.214839600209279 0.225492932730507 0.235508538733191 0.245118213312246 0.25348417552143 0.261020189156984 0.26798901588763 0.274364553157099 0.280410239390922 0.287918304099294 0.294611575281193 0.299687905002288 0.303236765045822 0.30694151838505 0.31019515861389
"KEGG_VASCULAR_SMOOTH_MUSCLE_CONTRACTION" -0.451367400653802 -0.446915093160779 -0.442181725652356 -0.437374169348211 -0.431984850927145 -0.425816337002808 -0.419144327754549 -0.412281378328056 -0.404883633468081 -0.396815568517963 -0.388141171212502 -0.378761483644963 -0.36896105935941 -0.358806025652581 -0.348505275694349 -0.338204525736116 -0.327848957468878 -0.316931302459307 -0.305524885997631 -0.293963029730066 -0.282957423252953
"KEGG_WNT_SIGNALING_PATHWAY" -0.218747533523648 -0.20744682650278 -0.197934650284507 -0.191634401453872 -0.18484623010191 -0.177770954189395 -0.170631648768512 -0.163298627933658 -0.155722259915416 -0.147826821331989 0.147848604158373 0.157509382769498 0.168398103656951 0.179091998432672 0.188839613379088 0.198822828977495 0.209078148338794 0.218925495323677 0.22812026499398 0.236509041425978 0.244247153433239
"KEGG_DORSO_VENTRAL_AXIS_FORMATION" -0.491172590364772 -0.485314893053687 -0.47939439744709 -0.473410088245264 -0.465867361835516 -0.45807871722742 -0.449847257716977 -0.440342433138092 -0.430837608559206 -0.42114571688471 -0.410095766501245 -0.39825062363499 -0.385870299045221 -0.373845024300076 -0.364899846871964 -0.356049097708789 -0.347291289436949 -0.337605482226392 -0.328045563908477 -0.318632760300242 -0.309363701475003
"KEGG_NOTCH_SIGNALING_PATHWAY" -0.220455583186929 -0.212476645324369 -0.203760666555835 -0.194534435181993 -0.183853098874177 0.193450840281146 0.204262364977938 0.215165118312142 0.226160259869524 0.236126686291463 0.245823714576312 0.254510739058304 0.261428477287361 0.268062144308619 0.274618385932757 0.281098549810622 0.287503952497557 0.293142915763645 0.298618913187491 0.303283671618409 0.307462720821814
"KEGG_HEDGEHOG_SIGNALING_PATHWAY" -0.365277278337034 -0.35512449268903 -0.344806789495595 -0.33448908630216 -0.324171383108726 -0.313853679915291 -0.303535976721856 -0.293099572850748 -0.282219565072203 -0.271363133797862 -0.261271649045282 -0.252126971538115 -0.243002045947523 -0.233896808348235 -0.224025554068536 -0.214093508952225 -0.205223254209073 -0.19714650675784 -0.188792573229794 -0.180471810279706 0.18538215418052
"KEGG_TGF_BETA_SIGNALING_PATHWAY" -0.250691407189833 -0.243970327425189 -0.237204408091639 -0.23034367384853 -0.222329973494657 -0.213385930004322 -0.204177381989364 -0.194773839218253 -0.186145032661973 -0.1789439658965 -0.171154230158417 -0.163326485959358 -0.15545693280505 0.154880184364175 0.162293388703718 0.168983458972742 0.175001029417841 0.180581406440111 0.188416056875917 0.19615676460896 0.2030262195465
"KEGG_AXON_GUIDANCE" -0.250051555643941 -0.241676794146708 -0.233143910724589 -0.224254594025675 -0.214184002919636 -0.203919049292415 -0.193659573679534 0.187767228242982 0.193647942455656 0.19951926356147 0.206338376036842 0.213362597207023 0.220309976242652 0.227034055574108 0.233247284575515 0.239241135684883 0.245060982703563 0.250723837935857 0.256331255976854 0.262195669441262 0.26921799158208
"KEGG_VEGF_SIGNALING_PATHWAY" -0.349684361100038 -0.341441115706368 -0.332396697498208 -0.323110526907596 -0.312486673911519 -0.300271558841632 -0.287258194346597 -0.273596600652157 -0.259855163008296 -0.246151885012369 -0.232252513895415 -0.218175689627704 -0.205312877117861 -0.192881447664465 -0.180155733251815 -0.167520807163367 0.170095163447208 0.179471860043514 0.188529728963199 0.197311718230683 0.205745984274494
"KEGG_FOCAL_ADHESION" -0.251350808272107 -0.246244359548012 -0.240957701094486 -0.235174849424185 -0.228756908793929 -0.221603225502637 -0.214170239971021 -0.206403265620046 -0.198580675676478 0.19669245215465 0.202057909877231 0.207468427577198 0.212558743074727 0.217515418339093 0.222215447494872 0.229677922223978 0.236774721845175 0.243211173487137 0.248887844740363 0.254185905839591 0.258956260184952
"KEGG_ECM_RECEPTOR_INTERACTION" 0.289508199977837 0.294386193720648 0.29930377574219 0.304261429935245 0.309168325442505 0.313674931055438 0.317964990481122 0.322241510154058 0.326534493832302 0.330793647693502 0.334782839607285 0.338690174963816 0.342603986326172 0.346524289807674 0.35031403318402 0.354000631045701 0.357484237438767 0.36065137525713 0.364584090510741 0.369052243634911 0.372575580211762
"KEGG_CELL_ADHESION_MOLECULES_CAMS" 0.271661415904777 0.279063911649351 0.286842716856371 0.294384358950768 0.301857172981072 0.309050780036785 0.31546276762601 0.321478722188291 0.327410574339115 0.33326007545077 0.339028928602671 0.344637210891773 0.350037862982566 0.355361218400807 0.360281081224762 0.365028159701698 0.369701286172254 0.374241113286934 0.378406684843793 0.38244214922985 0.386309204657785
"KEGG_ADHERENS_JUNCTION" -0.208007995070226 -0.198174803238042 -0.188407075869338 0.189165037454357 0.202239369816891 0.214413907252201 0.226348982676237 0.238104525028164 0.249684554999992 0.260770502930834 0.270845510667403 0.280699922031813 0.289114471028675 0.296864460252224 0.303286522103988 0.308337228580683 0.313231393128164 0.317976182489475 0.322578332509924 0.327058378208101 0.331590592525014
"KEGG_TIGHT_JUNCTION" -0.328315072236241 -0.322249461958862 -0.316009525106376 -0.30975029594403 -0.302891092956731 -0.295555790103801 -0.288087140919217 -0.280489743865113 -0.272808568927879 -0.266895415825409 -0.262843129878642 -0.258487703575838 -0.253858445741591 -0.249085211623944 -0.244080995760639 -0.238921974559573 -0.233720555907321 -0.228472404667404 -0.223296855389215 -0.218175141861292 0.216987864924172
"KEGG_GAP_JUNCTION" -0.211972654959691 -0.204851024533009 0.209191644648391 0.216474532372032 0.222836222067496 0.228893988816062 0.234820582569164 0.240673805408941 0.246116488728089 0.251237933709932 0.255898259503192 0.260301229033138 0.264009807176038 0.267338597027127 0.27032251013772 0.273255176106147 0.276085315448517 0.27840303639495 0.28060453509319 0.282543107084705 0.283967354497744
"KEGG_COMPLEMENT_AND_COAGULATION_CASCADES" -0.51783354699912 -0.51246012962122 -0.506512775420576 -0.500460017053681 -0.494312597336649 -0.488068278101356 -0.481724750060326 -0.475279629959266 -0.468730457591711 -0.462074692667882 -0.4550597717098 -0.447734549083636 -0.439982400836818 -0.431907408129671 -0.423744089757955 -0.41589204280764 -0.409897940685611 -0.403612032248855 -0.397265312012381 -0.390752597153097 -0.383510073754154
"KEGG_ANTIGEN_PROCESSING_AND_PRESENTATION" 0.411958169088919 0.422394889612886 0.432647154790795 0.442280763310815 0.451968864262851 0.461473943477088 0.470323527985324 0.478369811651193 0.486242109645881 0.493946004777332 0.500992454148018 0.507823076803609 0.514501583277322 0.521364103306882 0.528025161617928 0.533645970666421 0.53878310042871 0.543226383438987 0.547551666812279 0.55165084085829 0.554496693912945
"KEGG_TOLL_LIKE_RECEPTOR_SIGNALING_PATHWAY" 0.343752739752343 0.349819151347422 0.355338719789275 0.360716247985319 0.365680205370891 0.369256257286176 0.372365027611451 0.37500915960348 0.377536983150218 0.379821602803242 0.381463934359879 0.382900047366776 0.384170309282912 0.385232082134376 0.387778539238638 0.393976023561507 0.399510600435418 0.404420080629804 0.40860598698873 0.412119547995137 0.413412187183411
"KEGG_NOD_LIKE_RECEPTOR_SIGNALING_PATHWAY" 0.319977843749809 0.328994586207583 0.337612728114315 0.345524452976604 0.353315790229197 0.360729806807319 0.367592983204834 0.373938378919679 0.380005086807127 0.385208497281089 0.389492679551186 0.393694892896525 0.397817467483218 0.401862645985575 0.405681983268086 0.408985284610164 0.412221720171813 0.414480246475747 0.415852913526108 0.416613364278614 0.416656431542599
"KEGG_RIG_I_LIKE_RECEPTOR_SIGNALING_PATHWAY" 0.198552051862528 0.206285622533312 0.21384837118189 0.221343227867789 0.228519340307584 0.23504203390067 0.241223155925543 0.246680499620832 0.251580951638972 0.256162875187578 0.260051194460515 0.263899759454843 0.267709176742944 0.271480040619502 0.274912826867985 0.277797412848212 0.280830839889661 0.283713168120298 0.288558808958566 0.29787673923173 0.304218424237995
"KEGG_CYTOSOLIC_DNA_SENSING_PATHWAY" 0.260548421704954 0.268370487329979 0.276158399447423 0.283912381256845 0.291632654017161 0.299319437067698 0.306789262046676 0.313719132275796 0.320599386505258 0.327060476054943 0.332521434911501 0.340403266255834 0.35288663989916 0.364420024032628 0.375342509171947 0.384693149336315 0.393523488400145 0.401304312242584 0.408161203420143 0.414064893281408 0.416828198327386
"KEGG_JAK_STAT_SIGNALING_PATHWAY" -0.32544438000937 -0.319411924296385 -0.313123094793442 -0.306646902338523 -0.299453782262009 -0.290832003202881 -0.281637030817762 -0.27190496098771 -0.261897787182838 -0.251586053771002 -0.24187540876578 -0.236288780804572 -0.230615081283163 -0.224764047812322 -0.218840110271075 -0.212439206029947 -0.205837847877482 -0.199079816030796 -0.191871208719135 -0.187664551830177 0.185337121375827
"KEGG_HEMATOPOIETIC_CELL_LINEAGE" -0.270321147442408 -0.261936723325146 -0.253584770645783 -0.245265101134415 -0.236977527973787 0.237144786950053 0.244472830328477 0.251637084348307 0.25864145028056 0.265873847260571 0.273060539272232 0.28020195819817 0.287298530496747 0.294350677286947 0.301263953036523 0.307936511403927 0.314435739408581 0.320303098720787 0.32560190585328 0.330426500096023 0.335024212100159
"KEGG_NATURAL_KILLER_CELL_MEDIATED_CYTOTOXICITY" 0.183897308142798 0.195022984923147 0.205934312791473 0.216354758223688 0.226096706775474 0.235071272208609 0.24357996504133 0.251387341963308 0.258995520763968 0.269262204068541 0.279727054302487 0.290060259718348 0.300264288870421 0.309948935353888 0.319207563398087 0.327690659335839 0.335629188627323 0.343079992419249 0.350195970626188 0.35695078247535 0.362749463836125
"KEGG_T_CELL_RECEPTOR_SIGNALING_PATHWAY" 0.218923910046176 0.231261225601295 0.242447592456388 0.253314987919007 0.263103382443186 0.27163621657914 0.279408231983681 0.286080544322108 0.292395524404041 0.298330346586727 0.303557231368584 0.308235534060046 0.312569124428789 0.316781721362696 0.321924599100647 0.327152388404516 0.33222661455407 0.336797302680326 0.340701469693152 0.344163184100231 0.347098866544778
"KEGG_B_CELL_RECEPTOR_SIGNALING_PATHWAY" 0.249538068621978 0.263439376245147 0.279581461233022 0.297238954360345 0.312603445724186 0.325453590239794 0.337004705917563 0.345415086412148 0.353089964733648 0.359993366647237 0.364968959611022 0.369623969055787 0.374093176372195 0.378387488178274 0.382516973846971 0.38649094433214 0.389815074668598 0.392210257407582 0.393617351499136 0.394429960966255 0.394907549882692
"KEGG_FC_EPSILON_RI_SIGNALING_PATHWAY" -0.25953016927294 -0.252123386906564 -0.244010013582562 -0.23574061618276 -0.226717059090464 -0.216581040110164 -0.20589216049201 0.204309158797784 0.211685305396458 0.218922607545871 0.225741827087742 0.232337249860019 0.238587878981189 0.244456132699754 0.250133088276228 0.255711770667711 0.261194709772064 0.266584349388007 0.271670830873462 0.276500391682181 0.280792902863219
"KEGG_FC_GAMMA_R_MEDIATED_PHAGOCYTOSIS" 0.22525626804841 0.238179411864035 0.250949086931213 0.263613390015569 0.275931766385471 0.287164744208256 0.297794459800068 0.307457205438757 0.316812502745349 0.325879407639221 0.334148734906958 0.341838114505749 0.349036191603703 0.355727431813682 0.361210115878558 0.366266105454833 0.370977900749237 0.375553586455928 0.379637409210728 0.38307571514886 0.386409874430346
"KEGG_LEUKOCYTE_TRANSENDOTHELIAL_MIGRATION" -0.276705825604724 -0.268289639245501 -0.259890595453044 -0.251508641905208 -0.24298862596255 -0.234297873574745 -0.225414224580375 -0.217093229914763 0.208981422788882 0.215754044629566 0.222201069652095 0.228497905593042 0.234396281314201 0.240230939099982 0.24564577939624 0.250782490197863 0.255789308449599 0.260647390679909 0.266181349272104 0.271448867741116 0.276520052723789
"KEGG_INTESTINAL_IMMUNE_NETWORK_FOR_IGA_PRODUCTION" -0.318565688943994 -0.311883777172741 -0.304756347162819 -0.297552384765092 -0.289662036704292 -0.281492322933915 -0.273212849719164 0.272115353136153 0.278503423350514 0.284816209841384 0.291055035646339 0.297221192982055 0.303315944136598 0.309340522330896 0.315296132550622 0.32118395234967 0.327005132626355 0.332760798373399 0.338452049402741 0.3438518974002 0.348864161765481
"KEGG_LONG_TERM_POTENTIATION" -0.29177381526355 -0.283631460529494 -0.276506446014759 -0.271560104062645 -0.264592070034391 -0.256088509099291 -0.247345336071648 -0.238546503992095 -0.229404814582604 -0.220120851738776 -0.212689075323737 -0.207802995436733 -0.202761046883482 -0.198422978434451 -0.193782746041191 -0.188969979128767 -0.184137967873294 -0.178996651115722 -0.173716017856693 -0.168397718979133 -0.163160661307175
"KEGG_NEUROTROPHIN_SIGNALING_PATHWAY" -0.195142490798221 -0.189713647997023 -0.183885981256854 -0.177963312867564 -0.171252374519936 -0.163750711356765 -0.155665942835213 0.162299389803275 0.171853214568751 0.181038318028297 0.189265985990926 0.196865902814914 0.203365676251375 0.209456879353 0.215156904858303 0.220419302077975 0.225465361701998 0.230117813886735 0.234116276687111 0.237619552154358 0.240846242127322
"KEGG_LONG_TERM_DEPRESSION" -0.415403874859696 -0.410789800994505 -0.405807644421427 -0.400733855889581 -0.394148950018562 -0.386672018387091 -0.378640012662208 -0.370132733882408 -0.361220163536097 -0.351722947294169 -0.341849786296984 -0.331520626134025 -0.320476758486318 -0.309407359487012 -0.297514545602738 -0.285257702952555 -0.272620809857247 -0.259304505891921 -0.246001523726122 -0.232493556885337 -0.218310050146356
"KEGG_OLFACTORY_TRANSDUCTION" -0.531648848512211 -0.530916742985283 -0.529821146767898 -0.528483132492441 -0.527107903349798 -0.525522925091505 -0.523530632177282 -0.520889933891324 -0.516968645590634 -0.512167352308487 -0.506597037094629 -0.500523205044867 -0.493781058996692 -0.485996171606963 -0.477232545703821 -0.466736477992009 -0.456725783120671 -0.446094652819221 -0.434790189519755 -0.421442956107168 -0.404513561745008
"KEGG_REGULATION_OF_ACTIN_CYTOSKELETON" -0.193049939700461 -0.184992705268944 -0.180107848327476 0.187485114849554 0.195656555403487 0.203126994135679 0.210284542947624 0.217148254782767 0.223778021037584 0.2302671066009 0.236413682690713 0.242401625268923 0.247915713140104 0.253268373352651 0.258215368941122 0.262899338650305 0.26720654072703 0.271108631948121 0.274495749097232 0.277389379642984 0.279920709504209
"KEGG_INSULIN_SIGNALING_PATHWAY" -0.341535793212763 -0.336938634740353 -0.331796208701908 -0.326334764216127 -0.31991053480788 -0.312693837843067 -0.304897597205801 -0.296429564695637 -0.287739933518546 -0.278970151039059 -0.270016166669199 -0.261014027311475 -0.2518283100699 -0.242813112190087 -0.23397886146357 -0.225233080611565 -0.216289292058869 -0.207294587603168 -0.198128446748226 -0.189032970516581 -0.180138726162581
"KEGG_GNRH_SIGNALING_PATHWAY" -0.346931295644112 -0.340635889664549 -0.333418829964452 -0.325972326638716 -0.317704561490021 -0.308982383531333 -0.300962066157627 -0.292830599251686 -0.284353464876646 -0.275349514770694 -0.26585232517181 -0.256124161573966 -0.246324972492406 -0.236546034726949 -0.226547221583297 -0.216159388489989 -0.205291888005629 -0.194026956742328 -0.182804948774775 -0.172387686557029 -0.162344296544281
"KEGG_PROGESTERONE_MEDIATED_OOCYTE_MATURATION" 0.364563583964567 0.367362726668145 0.369889463581585 0.372142137449657 0.374031193507888 0.375211799627273 0.375744447379953 0.376611087873699 0.378514545316464 0.380287280430553 0.382022064607225 0.383720103627421 0.385382552727137 0.387010519218433 0.388605064949027 0.390167208611953 0.391697927915821 0.393198161625426 0.394490320349126 0.395587677567417 0.396378059469726
"KEGG_MELANOGENESIS" -0.355339985742479 -0.348746934730881 -0.34170460287827 -0.334325432651858 -0.325843393819522 -0.316788257965527 -0.307554486954252 -0.29825881021897 -0.288714845160003 -0.278763240816245 -0.268646191111186 -0.259307422570529 -0.251076514916027 -0.242881034026906 -0.234107079178891 -0.224989937179042 -0.215800870090097 -0.20655089216236 -0.19724936340689 -0.18761496034266 -0.177978969838988
"KEGG_ADIPOCYTOKINE_SIGNALING_PATHWAY" -0.498917955870958 -0.498548544721885 -0.497801497955954 -0.496832089798342 -0.495591357861753 -0.493348141145754 -0.489817545740911 -0.485757867139601 -0.48151315852146 -0.476431269701783 -0.470876034069194 -0.464807184424993 -0.459096185607565 -0.454296909227564 -0.449458855522296 -0.444318069780192 -0.438676801398145 -0.432026760781987 -0.424471762064685 -0.416015902916016 -0.407376118905847
"KEGG_TYPE_II_DIABETES_MELLITUS" -0.40908607160681 -0.404250227702288 -0.398847686424634 -0.393114378698683 -0.386344231855692 -0.378965993949533 -0.370754764986834 -0.361256578360086 -0.351638063289989 -0.342045306227388 -0.333563321276963 -0.325693874720993 -0.317887403752859 -0.31014315543794 -0.302460388796731 -0.294554727719732 -0.28645877345842 -0.277986727146478 -0.26902142850442 -0.259727716912669 -0.25059907950458
"KEGG_TYPE_I_DIABETES_MELLITUS" 0.510212034143997 0.517336043342369 0.524299213742488 0.531106931431259 0.537764344661734 0.544276376837329 0.549866773991365 0.554309699242092 0.558637272968492 0.562853929902991 0.56696388032778 0.570604503872539 0.573653656561983 0.575843947770506 0.577898998784511 0.579896302819644 0.581838260188557 0.583007400182249 0.584051624973705 0.585065937699854 0.586051605469623
"KEGG_MATURITY_ONSET_DIABETES_OF_THE_YOUNG" -0.413470294987591 -0.408917735369443 -0.404289833443105 -0.399584703293746 -0.394800395534446 -0.389934894613271 -0.384226149641953 -0.377831575241229 -0.37135796398637 -0.364803841423569 -0.358167696194422 -0.351447978874032 -0.344643100764945 -0.337751432644932 -0.330771303466559 -0.323700999006349 -0.316538760461258 -0.30807668206648 -0.299489468731997 -0.289282079352057 -0.278196576911413
"KEGG_ALDOSTERONE_REGULATED_SODIUM_REABSORPTION" -0.453789737489211 -0.445061446765453 -0.436276048691542 -0.427440693429784 -0.417771637066892 -0.407967123796075 -0.397699174077599 -0.386342758342052 -0.374824696819925 -0.36333937594333 -0.351886656310099 -0.340234025940644 -0.328095451568083 -0.316025273730922 -0.304022915968129 -0.292087808278577 -0.280219387030807 -0.268417094874306 -0.256004585723252 -0.243108834209879 -0.230354610203115
"KEGG_VASOPRESSIN_REGULATED_WATER_REABSORPTION" -0.241245520992102 -0.23234719241603 0.22899482331752 0.233648756761148 0.238201730793246 0.242656995384359 0.247999368159641 0.256079414647466 0.262773802516678 0.269134639299716 0.275330343765354 0.281367263960386 0.287251426671216 0.292988557492786 0.298584099411628 0.303657297144237 0.308022316883523 0.313395871622814 0.318197551275973 0.322453359087153 0.326580910867255
"KEGG_ALZHEIMERS_DISEASE" 0.281001565547463 0.29108594369135 0.30059069858782 0.309720833654356 0.318164599761983 0.325883789639157 0.333128019519305 0.339972667943032 0.346510945955477 0.353469079839129 0.3598295865763 0.365707126082492 0.37059007957193 0.375181999814324 0.379618073280283 0.383906101585764 0.388705788548414 0.393580209502714 0.398056364225018 0.402156696405994 0.406043817293395
"KEGG_PARKINSONS_DISEASE" 0.423710930525141 0.431738898746677 0.439131737280393 0.446677521466491 0.453885335048526 0.460679948591172 0.46671558454081 0.472189611783224 0.477319651001482 0.481591377912364 0.485306387030236 0.488482305272871 0.490480905981245 0.49228781663005 0.494013165750014 0.495662353823279 0.497163766432587 0.49790540769334 0.498483785979976 0.499037465547102 0.499567995399787
"KEGG_AMYOTROPHIC_LATERAL_SCLEROSIS_ALS" -0.279174917676621 -0.268702862794738 -0.25779980636791 -0.246896749941081 -0.235732919342428 -0.223227701352145 -0.209955322300193 -0.195896596208892 -0.181936047144045 -0.168172456459438 0.167459464052327 0.176305046097293 0.184538287784063 0.192514498060835 0.200202624846466 0.207290516001472 0.214246250716262 0.220360944573948 0.227601782576212 0.234674929111601 0.241586142878188
"KEGG_HUNTINGTONS_DISEASE" 0.287389467044227 0.299030064305611 0.309443832442958 0.319286187651852 0.327939965565604 0.335860813407679 0.343191295448197 0.349807865188005 0.355643091818975 0.360618507860943 0.364981017114513 0.368867577221558 0.372414123312594 0.375899249980166 0.37879651269477 0.381292414644791 0.383239551371749 0.384981495919471 0.388015272479551 0.390697753768569 0.393194891607254
"KEGG_PRION_DISEASES" -0.281937226434245 -0.275885217767634 -0.269576387183847 -0.263296539201178 -0.256524052575383 -0.249731464478369 0.243793891256089 0.248704766357088 0.256733089575819 0.264677549299126 0.272539452750738 0.280320080126321 0.288020685288422 0.295642496440083 0.303186716777883 0.311833501850783 0.321077639218934 0.330229085730632 0.339289228546546 0.348187159220211 0.356167425556201
"KEGG_VIBRIO_CHOLERAE_INFECTION" 0.417807515691914 0.423934807311011 0.429762811173958 0.434416141113251 0.438423309523419 0.442621210103775 0.446680733591147 0.450437290333022 0.453419103987486 0.456300044719856 0.460149659747654 0.464232070514613 0.46768005545835 0.470203310598056 0.473929920396792 0.479058892160803 0.484011346283785 0.488796241104006 0.493421938858367 0.497896254452945 0.50222649952238
"KEGG_EPITHELIAL_CELL_SIGNALING_IN_HELICOBACTER_PYLORI_INFECTION" 0.210215491950301 0.219215997633496 0.227352913179574 0.234382253816522 0.241673677233403 0.250117989041429 0.258161949873876 0.266068022704618 0.273839722877681 0.281212346869528 0.288213398248939 0.295085084902638 0.301530632608889 0.307638933926398 0.313626146384212 0.319495835279441 0.325251427302444 0.330445145938965 0.335142926713236 0.339551110948879 0.343626142109668
"KEGG_LEISHMANIA_INFECTION" 0.42305659235083 0.43227685394327 0.441341604416725 0.450254745201104 0.457878071119651 0.464197228367676 0.469620485005507 0.473678550627306 0.476699350442453 0.479387009296945 0.48087125447146 0.481965601048791 0.483021933863713 0.483905573712997 0.484294528667157 0.484669991998082 0.4846477295204 0.484436158373856 0.483878679193621 0.483140206367968 0.48212374609872
"KEGG_PATHWAYS_IN_CANCER" -0.21091174711804 -0.201870324103882 -0.192487519775938 -0.182730415354983 -0.172431019887829 0.173577107055942 0.181158225817569 0.188189126894859 0.194753991811328 0.201153355580572 0.207651529488599 0.213993104269477 0.220169359934996 0.226248725911072 0.232038322912463 0.237549937768826 0.242881644033637 0.24778330998287 0.252350143601101 0.256512233281785 0.262250279449376
"KEGG_COLORECTAL_CANCER" 0.289965488574884 0.302267330585774 0.315380355570297 0.327909418301338 0.339053385374681 0.348094276758355 0.356099622299609 0.362822770684468 0.370461518585434 0.378187852413445 0.385644556081001 0.392845501687004 0.399152835333774 0.405075683122414 0.410592290733619 0.415325021595594 0.419889557850837 0.424294709059738 0.428121923754655 0.431484224121179 0.434728694390136
"KEGG_RENAL_CELL_CARCINOMA" 0.255331722205059 0.27207819607989 0.288398998238493 0.304342847961648 0.316959091786411 0.326296311143504 0.334130140525368 0.33988903360499 0.344527016150124 0.348629766206099 0.352014766946111 0.354813710090327 0.356370378493264 0.357854976597357 0.359272396205575 0.360627096204663 0.36192314941896 0.362234225022914 0.361696126258743 0.360890233459845 0.360121136921863
"KEGG_PANCREATIC_CANCER" 0.326688209910358 0.34004855184819 0.35284044544944 0.365250436267449 0.376549274928949 0.385996873144417 0.39391521087212 0.399725168722868 0.404753528961347 0.408793016856222 0.412432764575114 0.415957906703039 0.41880726220462 0.421419008824023 0.423771172166627 0.425539056115009 0.427245995398249 0.427453070019094 0.427779738551007 0.427858179342135 0.427569157396659
"KEGG_ENDOMETRIAL_CANCER" 0.221347720087951 0.237550317151108 0.253181178679938 0.268648577121148 0.281667339568658 0.292201651179827 0.301542697702424 0.30936282371774 0.316711954878787 0.323709746037201 0.329626358547784 0.335341795459704 0.340105016453613 0.343749569287403 0.346804122154169 0.349096882042072 0.351235264888207 0.352472158750826 0.353175894492309 0.353477950784567 0.353767543918233
"KEGG_GLIOMA" -0.183308452892322 -0.176700562609904 -0.169612668451144 0.170758238530313 0.178619130158781 0.18618328541059 0.192946617886342 0.200829419077142 0.208196497953416 0.214908204569887 0.220672127721071 0.22627539892749 0.231724642405569 0.237026123124619 0.241699429822036 0.245645401039052 0.24928147009376 0.252248905173409 0.254789710584684 0.256989598638447 0.265619430252647
"KEGG_PROSTATE_CANCER" 0.256053436219706 0.263113864158894 0.269953788838 0.27645490900796 0.281362106056935 0.284901867887726 0.287949615400212 0.290539015024247 0.293001350534445 0.295011083692971 0.296450463392277 0.29785247766918 0.298980168359868 0.30001782304811 0.301028123486144 0.301865454714915 0.302519100822841 0.302646057358706 0.302668242462304 0.302518563821602 0.302235904478892
"KEGG_THYROID_CANCER" 0.3031408446831 0.310119315748992 0.316519362069489 0.322819567712229 0.326476400023276 0.333295325961438 0.340779945892358 0.348059325020779 0.354861113828871 0.360436613644801 0.365843427902149 0.371089097840053 0.376180721780844 0.381124987176581 0.385928199912874 0.390596311139986 0.395134941871283 0.39954940556279 0.403844728864587 0.40802567071441 0.412096739925948
"KEGG_BASAL_CELL_CARCINOMA" -0.352033341282667 -0.343664882751544 -0.335225443092938 -0.326181411648447 -0.316925862338685 -0.307613707963902 -0.29824442765366 -0.288817494127239 -0.279332373594725 -0.269306007147027 -0.259093921904371 -0.248843794478384 -0.238555411899585 -0.228228559605849 -0.218004684925677 -0.207774671425427 -0.197557388879656 -0.187518080584056 -0.179628986532648 -0.17118433110168 -0.162231610676238
"KEGG_MELANOMA" -0.334572932170819 -0.328132634180215 -0.323055175245109 -0.317320825303159 -0.309953896953505 -0.301495237985338 -0.292598281258202 -0.282647897154615 -0.272244237727338 -0.261904819110133 -0.251629048120448 -0.241416338856374 -0.231266112585287 -0.221177797634523 -0.211150829284051 -0.204499430781143 -0.199908243702164 -0.195021852623919 -0.190069596896799 -0.185084467678147 -0.180162251315015
"KEGG_BLADDER_CANCER" 0.492227637419576 0.499347441123451 0.506002616537182 0.512616541101476 0.51698403303175 0.520045315399762 0.522600901280206 0.52420594378305 0.525303237719721 0.525915219538073 0.526513046201439 0.52667133610841 0.526348341651914 0.526033442185236 0.525726337155832 0.52542674070791 0.525134380794959 0.523729568145534 0.521812076525767 0.519948838960534 0.51813758495137
"KEGG_CHRONIC_MYELOID_LEUKEMIA" 0.240232178209128 0.253107435691285 0.267714882135797 0.282223486441212 0.294724975857227 0.304664428058229 0.312173285948735 0.317282060112323 0.323363523475083 0.328663727007049 0.332646967473468 0.336186378219646 0.339054427825941 0.341795435545136 0.344229170792219 0.346006214281587 0.350781332871159 0.359462646104547 0.366609807158989 0.372737831137148 0.378194224598211
"KEGG_ACUTE_MYELOID_LEUKEMIA" -0.261030246276232 -0.250892947801829 -0.240427665119456 -0.229977458310559 -0.217923921293265 -0.204381429497624 -0.189843374764924 -0.174608779521155 0.160036914332929 0.16529024916727 0.16964714173961 0.174635240631468 0.181393519497873 0.187953378764912 0.194323430259595 0.200511794554274 0.206526135503143 0.211803193812188 0.216483584099115 0.220738714375311 0.224568024085659
"KEGG_SMALL_CELL_LUNG_CANCER" 0.179570492746795 0.183533636957077 0.19257032647335 0.203283622386748 0.214023093528233 0.223843703794077 0.233047823554917 0.240552084664486 0.247333042998448 0.253277154354777 0.258191143703976 0.262636489973888 0.266579022240115 0.270344302169061 0.274023675811234 0.277620049983247 0.281105712191668 0.28375083197606 0.285778751431931 0.287230577958734 0.287905993287451
"KEGG_NON_SMALL_CELL_LUNG_CANCER" 0.243084543537094 0.250489202866993 0.260775950798959 0.271902158262779 0.282348688680011 0.291904870640039 0.300438245427048 0.306224522430617 0.311383707690261 0.315096852805756 0.317998706233795 0.320903796253328 0.323048242826591 0.324949939566496 0.326784187874243 0.328554513564966 0.330264200916808 0.332253597020458 0.333739450855117 0.334834588934678 0.336957067250444
"KEGG_ASTHMA" 0.386177234099388 0.397614184384875 0.408103613550681 0.418329787776257 0.42781005617733 0.436742660801549 0.445186198989493 0.452771376195997 0.460244441070607 0.467607860984953 0.47486403143529 0.482015278640768 0.489063862029801 0.495127274901115 0.500804872416375 0.506383213362946 0.5118648780127 0.517252357970244 0.522548059949126 0.52775430935669 0.532873353698788
"KEGG_AUTOIMMUNE_THYROID_DISEASE" 0.21904162462561 0.229938450963373 0.240538082764764 0.251133431707154 0.261498611268946 0.271711697134184 0.281505480264472 0.290698660049468 0.299891839834464 0.30908501961946 0.318278199404456 0.327240018091592 0.335820972816283 0.3438184462822 0.351724352362343 0.359175816047081 0.36636211802024 0.373496457137617 0.380579394969986 0.387478972393138 0.393120943084118
"KEGG_ALLOGRAFT_REJECTION" 0.48495194730052 0.493524458915822 0.500996563114363 0.508113797987888 0.51440123764856 0.520088034402028 0.5246676663708 0.527869255185353 0.530974663690202 0.533988161838809 0.536913770515987 0.539755279437268 0.542516263526523 0.544254378042895 0.545851211704382 0.547400268181563 0.548903660106011 0.550363377362227 0.551781295874733 0.553159185650979 0.554498718152563
"KEGG_GRAFT_VERSUS_HOST_DISEASE" 0.491812266768214 0.500514203353985 0.509063649196688 0.516475504055208 0.523659347666607 0.530698880431082 0.536675411544952 0.541317041805803 0.545841164249299 0.550252185351582 0.554554293988306 0.558751474702755 0.562847520014846 0.565917762738195 0.568820590241637 0.571648268578123 0.574397239646376 0.576105393689626 0.577766622252775 0.579382832802333 0.580721999706753
"KEGG_VIRAL_MYOCARDITIS" -0.360631595536824 -0.353792881130752 -0.346546464328502 -0.339344867825867 -0.332243506966726 -0.325240303514723 -0.318076997472041 -0.310694042183525 -0.303432835122219 -0.296290389391856 -0.289031050988757 -0.281866678646076 0.283063619688475 0.287603034200075 0.292024919421567 0.296286200939851 0.300216674051627 0.304066046517552 0.307836802828663 0.311531327019749 0.315151907695766
